0.01237397
0.01238384
0.01239014
0.01240571
0.01237638
0.01236938
0.01241498
0.01245792
0.01245858
0.01250815
0.01252657
0.01255822
0.01262364
0.01264129
0.01271141
0.01273335
0.01276934
0.01279011
0.01291465
0.01294691
0.01302304
0.01309308
0.01318118
0.01325439
0.01333111
0.01341007
0.01349252
0.01359465
0.01370886
0.01382638
0.01393049
0.01405380
0.01418429
0.01430838
0.01446774
0.01460678
0.01471066
0.01497688
0.01511731
0.01528303
0.01546503
0.01562584
0.01587491
0.01608615
0.01631032
0.01653808
0.01682846
0.01709625
0.01739966
0.01768998
0.01800972
0.01831982
0.01868538
0.01905297
0.01942198
0.01988560
0.02033022
0.02076952
0.02133937
0.02187780
0.02243025
0.02307850
0.02374427
0.02449295
0.02531152
0.02615856
0.02707614
0.02808813
0.02920791
0.03043628
0.03177820
0.03332615
0.03496172
0.03686332
0.03898883
0.04142549
0.04422447
0.04744450
0.05123821
0.05576185
0.06128594
0.06800867
0.07657025
0.08774403
0.10292658
0.12478463
0.15900273
0.21989512
0.35865273
0.97583954
1.17210218
0.37723626
0.22269488
0.15742908
0.12136429
0.09859685
0.08285949
0.07133597
0.06256441
0.05566948
0.05008540
0.04544909
0.04159348
0.03832176
0.03544489
0.03299589
0.03083345
0.02892147
0.02721551
0.02568557
0.02429451
0.02305649
0.02195460
0.02090387
0.01990656
0.01906276
0.01825553
0.01753781
0.01681852
0.01611912
0.01553876
0.01496631
0.01441122
0.01396728
0.01348764
0.01305925
0.01265543
0.01221602
0.01185056
0.01149490
0.01115910
0.01080631
0.01053651
0.01023804
0.00992274
0.00969542
0.00947198
0.00917992
0.00897552
0.00876054
0.00855496
0.00836642
0.00815843
0.00795968
0.00777787
0.00762779
0.00745973
0.00732205
0.00715964
0.00698208
0.00687314
0.00669862
0.00657258
0.00644072
0.00632218
0.00616275
0.00605961
0.00594403
0.00584247
0.00576320
0.00561060
0.00556240
0.00540922
0.00533684
0.00523003
0.00515640
0.00510878
0.00499635
0.00489211
0.00481707
0.00471937
0.00467977
0.00462915
0.00450310
0.00446858
0.00437219
0.00429833
0.00428845
0.00417900
0.00411376
0.00406519
0.00399103
0.00394235
0.00387564
0.00383564
0.00378900
0.00373246
0.00367473
0.00363410
0.00355650
0.00351267
0.00348981
0.00343409
0.00337802
0.00332696
0.00331942
0.00323881
0.00322882
0.00316016
0.00310761
0.00312565
0.00307449
0.00298556
0.00298213
0.00292181
0.00290531
0.00286726
0.00281767
0.00278284
0.00276092
0.00271724
0.00270662
0.00268816
0.00264289
0.00260177
0.00263016
0.00256507
0.00255207
0.00248664
0.00249897
0.00244141
0.00243068
0.00237502
0.00236408
0.00235362
0.00233024
0.00230554
0.00229657
0.00225313
0.00223296
0.00216760
0.00217336
0.00213691
0.00213676
0.00211958
0.00211459
0.00207823
0.00202037
0.00205799
0.00200850
0.00197277
0.00195700
0.00194330
0.00193382
0.00192506
0.00191598
0.00187787
0.00186678
0.00179560
0.00181739
0.00178210
0.00182179
0.00180576
0.00173777
0.00173637
0.00168740
0.00173795
0.00172269
0.00168061
0.00166569
0.00165953
0.00162978
0.00161828
0.00163449
0.00158887
0.00156921
0.00157449
0.00154776
0.00153461
0.00152686
0.00152757
0.00148475
0.00147943
0.00148485
0.00150582
0.00145189
0.00146610
0.00145272
0.00141587
0.00140977
0.00137011
0.00138772
0.00137194
0.00136479
0.00135269
0.00135118
0.00137296
0.00130986
0.00133261
0.00127251
0.00130699
0.00127607
0.00128058
0.00125527
0.00130254
0.00122575
0.00125728
0.00122003
0.00120979
0.00122338
0.00119605
0.00116433
0.00120857
0.00119046
0.00117043
0.00115375
0.00116081
0.00109101
0.00112217
0.00114152
0.00108156
0.00109862
0.00111369
0.00111012
0.00108011
0.00107989
0.00107786
0.00109475
0.00106745
0.00107852
0.00103616
0.00103691
0.00106260
0.00102794
0.00104199
0.00103584
0.00101108
0.00099634
0.00099289
0.00100217
0.00092958
0.00099351
0.00096203
0.00095075
0.00094757
0.00095546
0.00094855
0.00091898
0.00093923
0.00095080
0.00093639
0.00091328
0.00090186
0.00091765
0.00089216
0.00087089
0.00089363
0.00086673
0.00085073
0.00087522
0.00086409
0.00085503
0.00084908
0.00085769
0.00086272
0.00084466
0.00081990
0.00083027
0.00083406
0.00082562
0.00082038
0.00086180
0.00080262
0.00079205
0.00079409
0.00079483
0.00076118
0.00079510
0.00075580
0.00078412
0.00076076
0.00074858
0.00072923
0.00072803
0.00075398
0.00076024
0.00070905
0.00073773
0.00074082
0.00074582
0.00072503
0.00072727
0.00071239
0.00070059
0.00069486
0.00071158
0.00065237
0.00072988
0.00068564
0.00068081
0.00068824
0.00068997
0.00068417
0.00068697
0.00069373
0.00069309
0.00063353
0.00067650
0.00064477
0.00065748
0.00064630
0.00062714
0.00061462
0.00062936
0.00059569
0.00066554
0.00061638
0.00061286
0.00064037
0.00061364
0.00059294
0.00061879
0.00060845
0.00064847
0.00058841
0.00059594
0.00060374
0.00054192
0.00062079
0.00057681
0.00057166
0.00060882
0.00057358
0.00055926
0.00059640
0.00056278
0.00056917
0.00054745
0.00055898
0.00053856
0.00053549
0.00057881
0.00055244
0.00054477
0.00053848
0.00055941
0.00053511
0.00055429
0.00051025
0.00056228
0.00051354
0.00052900
0.00057159
0.00050220
0.00053616
0.00051376
0.00049203
0.00048517
0.00050095
0.00048015
0.00051003
0.00048885
0.00043521
0.00048396
0.00048763
0.00046187
0.00051060
0.00050491
0.00048008
0.00048319
0.00048853
0.00049950
0.00045991
0.00046013
0.00046537
0.00045106
0.00045167
0.00047610
0.00046512
0.00048171
0.00044271
0.00044207
0.00044661
0.00044881
0.00045514
0.00045388
0.00046634
0.00043914
0.00042765
0.00040900
0.00044020
0.00042045
0.00041513
0.00040087
0.00044084
0.00043808
0.00043769
0.00047988
0.00041553
0.00047331
0.00042153
0.00045925
0.00041866
0.00038489
0.00039929
0.00038637
0.00043570
0.00038556
0.00043051
0.00039011
0.00041194
0.00040681
0.00037288
0.00039746
0.00039976
0.00035610
0.00039701
0.00039744
0.00036788
0.00035348
0.00035096
0.00040968
0.00039672
0.00033338
0.00038391
0.00037488
0.00037020
0.00036306
0.00037368
0.00039206
0.00037663
0.00033929
0.00037357
0.00037908
0.00038600
0.00036508
0.00032914
0.00037696
0.00031888
0.00037286
0.00035578
0.00035728
0.00034192
0.00034987
0.00036195
0.00034791
0.00032089
0.00037446
0.00035388
0.00032078
0.00032854
0.00040831
0.00033642
0.00034207
0.00031286
0.00036886
0.00035604
0.00033485
0.00027963
0.00032072
0.00033800
0.00036132
0.00033598
0.00033625
0.00032259
0.00032692
0.00030957
0.00033374
0.00032691
0.00032650
0.00033536
0.00031020
0.00031471
0.00033634
0.00029732
0.00026868
0.00029233
0.00031203
0.00033281
0.00027708
0.00029761
0.00031340
0.00030234
0.00032231
0.00024877
0.00027757
0.00030137
0.00030356
0.00030123
0.00032863
0.00028528
0.00030703
0.00028942
0.00029418
0.00030755
0.00030868
0.00027739
0.00025335
0.00030228
0.00029593
0.00031393
0.00028006
0.00027568
0.00026934
0.00026928
0.00027917
0.00024538
0.00028534
0.00024310
0.00027737
0.00027560
0.00028962
0.00027652
0.00028893
0.00027638
0.00025349
0.00027209
0.00027560
0.00026707
0.00027835
0.00026955
0.00026974
0.00025829
0.00028481
0.00027975
0.00025602
0.00022510
0.00023885
0.00029047
0.00027272
0.00024744
0.00027187
0.00022002
0.00027391
0.00025731
0.00026419
0.00027643
0.00025688
0.00026186
0.00024239
0.00025770
0.00024674
0.00026548
0.00029701
0.00023524
0.00023872
0.00021120
0.00025959
0.00024221
0.00021758
0.00023422
0.00025712
0.00021850
0.00026629
0.00024972
0.00021991
0.00025168
0.00020860
0.00027477
0.00024022
0.00022891
0.00024671
0.00024192
0.00025611
0.00024405
0.00024675
0.00022762
0.00024682
0.00021790
0.00023804
0.00022842
0.00021813
0.00027454
0.00019870
0.00020270
0.00021709
0.00019719
0.00020002
0.00025227
0.00023356
0.00022470
0.00021339
0.00023685
0.00022300
0.00018971
0.00022737
0.00022668
0.00020116
0.00021836
0.00023964
0.00018774
0.00023025
0.00018652
0.00022329
0.00019483
0.00022797
0.00018207
0.00020837
0.00021830
0.00023886
0.00019585
0.00020747
0.00022193
0.00018077
0.00020041
0.00020813
0.00022255
0.00023922
0.00020501
0.00023775
0.00022112
0.00018453
0.00019527
0.00020771
0.00018789
0.00023508
0.00019487
0.00019827
0.00016365
0.00019770
0.00019798
0.00021173
0.00018819
0.00019618
0.00021690
0.00017268
0.00020141
0.00015509
0.00021429
0.00018005
0.00018992
0.00020476
0.00019997
0.00017966
0.00019600
0.00016700
0.00018698
0.00016005
0.00017247
0.00021427
0.00017030
0.00018811
0.00019351
0.00018338
0.00015605
0.00015974
0.00019228
0.00018765
0.00017984
0.00018924
0.00018769
0.00016087
0.00016664
0.00017441
0.00017478
0.00017327
0.00014457
0.00017963
0.00015721
0.00011790
0.00018879
0.00019593
0.00015493
0.00016963
0.00015368
0.00017190
0.00017759
0.00017883
0.00016531
0.00015996
0.00016888
0.00013902
0.00019534
0.00012393
0.00018548
0.00014641
0.00020359
0.00015918
0.00014467
0.00011890
0.00016740
0.00012077
0.00018118
0.00014557
0.00014012
0.00015343
0.00013130
0.00015412
0.00015686
0.00016794
0.00015801
0.00017177
0.00016509
0.00018014
0.00016862
0.00014622
0.00015760
0.00013613
0.00015015
0.00019851
0.00014929
0.00012562
0.00014529
0.00016731
0.00016260
0.00017521
0.00017189
0.00012856
0.00017687
0.00016382
0.00016411
0.00013814
0.00018428
0.00013892
0.00014266
0.00018553
0.00016254
0.00014414
0.00013006
0.00013580
0.00017173
0.00011971
0.00013397
0.00013745
0.00017081
0.00018646
0.00017342
0.00014676
0.00013168
0.00013424
0.00016741
0.00012016
0.00014057
0.00013766
0.00016852
0.00012382
0.00017102
0.00012352
0.00013411
0.00013626
0.00013112
0.00012547
0.00012251
0.00014351
0.00014629
0.00015529
0.00015741
0.00013754
0.00013986
0.00012783
0.00014706
0.00012024
0.00013407
0.00012938
0.00014263
0.00013007
0.00012174
0.00014670
0.00012966
0.00014846
0.00013810
0.00015643
0.00014875
0.00011481
0.00011784
0.00014725
0.00014186
0.00012439
0.00014307
0.00014244
0.00013316
0.00011773
0.00016008
0.00011809
0.00013932
0.00012369
0.00014961
0.00012756
0.00012821
0.00011044
0.00012360
0.00014657
0.00011093
0.00012740
0.00013452
0.00010350
0.00015563
0.00015522
0.00012025
0.00013023
0.00013854
0.00009525
0.00011756
0.00011741
0.00013438
0.00009465
0.00013875
0.00012728
0.00010963
0.00011187
0.00012105
0.00014985
0.00013537
0.00014579
0.00013184
0.00010239
0.00012458
0.00009067
0.00012325
0.00011339
0.00012880
0.00012080
0.00015662
0.00010119
0.00012252
0.00013612
0.00010782
0.00008932
0.00008060
0.00013113
0.00009548
0.00012073
0.00011732
0.00010312
0.00008610
0.00011384
0.00010548
0.00008590
0.00012323
0.00009970
0.00009696
0.00009924
0.00009305
0.00010839
0.00012444
0.00011002
0.00008978
0.00010065
0.00013167
0.00009787
0.00013698
0.00010961
0.00013323
0.00008270
0.00009459
0.00013212
0.00009078
0.00010978
0.00012272
0.00010723
0.00011757
0.00011369
0.00011107
0.00009124
0.00012769
0.00010109
0.00010403
0.00011737
0.00009212
0.00009240
0.00011216
0.00009634
0.00009108
0.00008361
0.00010418
0.00010093
0.00010512
0.00012165
0.00009465
0.00012124
0.00008608
0.00009099
0.00012237
0.00010557
0.00007621
0.00010688
0.00010117
0.00008947
0.00008355
0.00010674
0.00010670
0.00007393
0.00011338
0.00012058
0.00012378
0.00010653
0.00011183
0.00010882
0.00011913
0.00009691
0.00009710
0.00010712
0.00011766
0.00005257
0.00009104
0.00012294
0.00013366
0.00011748
0.00012876
0.00013011
0.00008837
0.00009778
0.00010653
0.00012773
0.00007016
0.00007612
0.00012106
0.00010961
0.00006026
0.00011250
0.00009543
0.00008355
0.00011953
0.00006093
0.00011473
0.00010359
0.00013637
0.00007917
0.00005726
0.00011056
0.00007897
0.00010552
0.00009639
0.00010948
0.00010723
0.00008834
0.00007479
0.00009672
0.00009841
0.00008634
0.00012409
0.00009804
0.00009540
0.00011427
0.00010751
0.00007179
0.00008168
0.00007942
0.00008234
0.00008336
0.00008985
0.00009390
0.00008077
0.00008869
0.00010491
0.00006891
0.00011768
0.00009165
0.00011112
0.00007914
0.00005729
0.00012718
0.00008619
0.00010826
0.00006107
0.00008865
0.00006137
0.00006879
0.00007439
0.00007575
0.00006984
0.00006084
0.00010349
0.00007253
0.00010051
0.00010535
0.00014732
0.00010880
0.00009933
0.00007830
0.00006386
0.00010277
0.00009262
0.00009524
0.00010255
0.00007938
0.00007779
0.00012751
0.00008931
0.00009019
0.00006265
0.00007880
0.00008915
0.00008220
0.00010688
0.00007271
0.00014205
0.00008031
0.00010785
0.00008836
0.00008370
0.00008962
0.00008953
0.00006823
0.00008233
0.00005875
0.00008360
0.00006867
0.00008677
0.00006450
0.00006265
0.00008013
0.00006511
0.00007186
0.00009293
0.00006519
0.00008859
0.00009601
0.00005459
0.00006820
0.00005819
0.00006797
0.00008052
0.00007642
0.00002464
0.00007046
0.00007410
0.00007180
0.00007905
0.00005952
0.00006314
0.00008380
0.00009270
0.00005744
0.00007006
0.00009498
0.00009965
0.00005048
0.00008176
0.00006309
0.00005733
0.00003710
0.00006877
0.00006985
0.00004580
0.00008459
0.00006177
0.00012079
0.00007706
0.00010505
0.00004680
0.00007338
0.00007625
0.00004308
0.00010488
0.00005717
0.00009683
0.00011882
0.00007203
0.00007965
0.00007004
0.00007161
0.00008707
0.00007664
0.00005901
0.00009559
0.00006908
0.00006290
0.00009593
0.00007359
0.00008051
0.00008912
0.00006717
0.00009370
0.00005570
0.00007676
0.00007609
0.00012008
0.00005738
0.00005244
0.00006056
0.00006822
0.00006960
0.00005014
0.00003830
0.00008298
0.00008772
0.00010170
0.00006315
0.00004559
0.00009457
0.00006168
0.00007633
0.00011313
0.00006252
0.00007444
0.00004687
0.00006466
0.00006030
0.00007683
0.00006652
0.00007338
0.00006526
0.00005074
0.00008807
0.00003950
0.00007476
0.00007581
0.00004362
0.00006368
0.00004885
0.00008924
0.00006590
0.00006046
0.00005534
0.00003588
0.00006320
0.00006583
0.00007467
0.00005257
0.00006285
0.00003485
0.00006828
0.00005624
0.00007576
0.00004756
0.00003924
0.00008852
0.00005850
0.00009422
0.00008141
0.00003940
0.00005252
0.00009458
0.00007291
0.00007171
0.00005828
0.00005656
0.00005479
0.00006492
0.00009672
0.00007065
0.00006982
0.00007945
0.00003685
0.00007517
0.00003058
0.00010821
0.00004705
0.00004642
0.00007388
0.00008637
0.00009584
0.00003778
0.00005215
0.00009186
0.00006042
0.00008041
0.00004479
0.00007702
0.00008891
0.00006104
0.00005959
0.00005107
0.00007668
0.00002161
0.00007812
0.00004614
0.00003626
0.00006114
0.00002520
0.00005341
0.00006371
0.00009800
0.00008416
0.00007802
0.00008452
0.00008567
0.00004832
0.00007206
0.00005601
0.00004625
0.00007239
0.00005356
0.00008965
0.00006506
0.00003844
0.00004601
0.00006453
0.00008442
0.00008647
0.00004584
0.00006170
0.00009592
0.00007247
0.00005667
0.00008139
0.00008912
0.00006167
0.00004693
0.00004387
0.00006474
0.00006163
0.00005513
0.00006132
0.00007585
0.00007528
0.00005824
0.00006390
0.00005023
0.00007543
0.00005849
0.00000643
0.00004833
0.00008521
0.00002693
0.00006593
0.00004463
0.00005735
0.00004123
0.00005758
0.00006453
0.00006996
0.00006385
0.00006411
0.00001499
0.00006356
0.00003741
0.00006258
0.00010924
0.00005183
0.00006096
0.00006167
0.00005465
0.00003841
0.00002112
0.00002544
0.00006519
0.00005359
0.00007581
0.00004369
0.00004555
0.00004563
0.00005707
0.00007164
0.00005764
0.00004654
0.00003485
0.00004733
0.00006124
0.00007997
0.00007226
0.00005684
0.00002600
0.00004096
0.00002827
0.00007250
0.00004020
0.00006581
0.00004768
0.00002793
0.00004514
0.00004242
0.00007608
0.00004516
0.00006959
0.00005961
0.00009219
0.00006082
0.00006529
0.00005583
0.00008069
0.00004971
0.00004479
0.00006076
0.00005288
0.00004449
0.00006332
0.00006806
0.00004248
0.00004708
0.00006564
0.00010173
0.00004645
0.00005745
0.00004462
0.00005935
0.00003243
0.00005531
0.00003770
0.00001857
0.00003908
0.00005302
0.00002283
0.00002248
0.00001573
0.00006357
0.00004531
0.00007907
0.00002805
0.00004156
0.00003418
0.00004310
0.00002873
0.00004244
0.00008204
0.00005735
0.00007379
0.00001814
0.00002873
0.00004648
0.00003040
0.00004637
0.00005912
0.00008900
0.00007308
0.00007167
0.00003787
0.00003716
0.00005316
0.00002527
0.00007099
0.00006634
0.00001806
0.00005978
0.00005835
0.00007040
0.00006707
0.00004979
0.00004365
0.00003185
0.00004563
0.00001820
0.00004077
0.00005062
0.00006195
0.00005222
0.00004055
0.00004638
0.00005599
0.00000523
0.00006449
0.00002622
0.00004858
0.00005877
0.00002154
0.00004910
0.00007619
0.00004968
0.00004234
0.00006630
0.00003248
0.00001702
0.00005180
0.00005452
0.00005890
0.00004974
0.00002364
0.00004137
0.00004062
0.00003605
0.00000600
0.00002320
0.00006842
0.00003829
0.00006359
0.00005062
0.00006059
0.00001611
0.00006803
0.00003815
0.00002832
0.00006181
0.00004787
0.00003358
0.00003714
0.00006628
0.00005916
0.00005884
0.00004501
0.00006447
0.00007816
0.00004037
0.00005954
0.00006550
0.00003841
0.00006132
0.00009472
0.00003592
0.00007069
0.00005890
0.00005034
0.00001220
0.00004807
0.00003569
0.00003164
0.00002475
0.00002722
0.00004666
0.00001052
0.00005624
0.00003956
0.00004863
0.00003870
0.00007072
0.00005757
0.00007958
0.00003884
0.00007112
0.00004541
0.00001109
0.00003532
0.00005124
0.00004607
0.00001855
0.00003191
0.00003448
0.00003624
0.00000880
0.00005652
0.00005022
0.00004089
0.00002889
0.00001663
0.00002270
0.00002189
0.00002151
0.00004203
0.00007464
0.00004333
0.00002545
0.00005528
0.00003871
0.00003226
0.00005763
0.00007442
0.00003972
0.00001508
0.00005088
0.00003579
0.00005558
0.00007129
0.00004447
0.00006210
0.00002707
0.00004260
0.00002615
0.00004340
0.00004714
0.00006792
0.00003800
0.00007576
0.00006306
0.00002028
0.00003009
0.00004735
0.00005567
0.00001827
0.00002633
0.00005193
0.00001498
0.00004751
0.00000619
0.00005934
0.00004691
0.00002792
0.00003914
0.00003294
0.00005614
0.00004045
0.00001613
0.00004112
0.00005313
0.00004608
0.00004484
0.00005189
0.00002233
0.00004080
0.00005173
0.00001962
0.00005353
0.00003089
0.00002886
0.00004997
0.00006039
0.00005042
0.00003553
0.00003871
0.00001717
0.00002242
0.00002353
0.00002770
0.00003538
0.00003194
0.00002210
0.00004535
0.00003288
0.00001848
0.00001883
0.00003204
0.00001797
0.00007169
0.00003542
0.00002123
0.00001906
0.00001537
0.00005989
0.00001730
0.00003339
0.00003977
0.00003190
0.00002737
0.00004790
0.00005778
0.00002109
0.00002860
0.00001632
0.00003569
0.00003444
0.00002177
0.00002388
0.00002331
0.00004289
0.00001214
0.00004641
0.00004860
0.00004240
0.00002804
0.00003929
0.00004308
0.00002130
0.00003474
0.00003372
0.00003339
0.00003916
0.00002322
0.00006231
0.00001375
0.00004463
0.00004128
0.00002102
0.00007159
0.00005709
0.00002596
0.00004215
0.00002278
0.00001686
0.00000787
0.00001286
0.00001563
0.00000607
0.00002719
0.00002966
0.00005612
0.00009255
0.00005586
0.00004962
0.00006340
0.00004154
0.00003293
0.00003105
0.00004762
0.00002742
0.00001729
0.00005947
0.00000801
0.00002526
0.00007294
0.00003124
0.00004790
0.00001978
0.00001213
0.00002008
0.00002366
0.00000170
0.00002597
0.00004685
0.00004981
0.00003193
0.00001909
0.00002940
0.00002892
0.00000872
0.00000866
0.00003700
0.00001669
0.00001344
0.00008208
0.00001845
0.00004569
0.00001820
0.00003056
0.00002144
0.00001891
0.00003547
0.00002857
0.00001893
0.00004417
0.00004684
0.00003557
0.00000956
0.00002178
0.00002424
0.00001534
0.00003062
0.00001989
0.00005431
0.00002588
0.00004937
0.00002989
0.00001562
0.00007817
0.00003034
0.00005902
0.00004271
0.00003087
0.00002513
0.00002341
0.00001349
0.00001792
0.00003964
0.00003232
0.00003590
0.00003009
0.00007837
0.00002788
0.00005926
0.00002783
0.00005707
0.00004385
0.00004959
0.00000570
0.00002277
0.00004637
0.00002543
0.00003300
0.00004976
0.00002955
0.00004457
0.00001645
0.00003111
0.00008567
0.00001897
0.00003028
0.00005403
0.00003625
0.00002398
0.00002698
0.00000654
0.00001150
0.00004893
0.00002582
0.00005027
0.00001131
0.00001827
0.00001754
0.00004092
0.00003583
0.00003537
0.00004233
0.00002691
0.00004788
0.00004373
0.00001366
0.00002585
0.00000785
0.00007903
0.00001614
0.00001559
0.00004966
0.00001804
0.00001451
0.00004365
0.00002847
0.00004026
0.00002546
0.00005398
0.00002822
0.00001332
0.00001334
0.00001346
0.00004555
0.00001960
0.00004109
0.00002211
0.00003786
0.00002398
0.00003229
0.00001125
0.00002211
0.00003925
0.00005943
0.00004553
0.00003626
0.00001623
0.00004149
0.00001149
0.00003388
0.00001622
0.00001678
0.00004120
0.00004613
0.00000896
0.00005977
0.00004956
0.00001307
0.00002678
0.00001974
0.00005625
0.00003687
0.00001873
0.00003825
0.00005955
0.00000827
0.00004368
0.00003343
0.00001807
0.00003027
0.00002068
0.00002921
0.00003239
0.00000540
0.00003046
0.00007969
0.00007039
0.00000472
0.00005357
0.00003813
0.00001820
0.00003779
0.00005937
0.00003473
0.00003339
0.00005115
0.00002725
0.00001861
0.00003469
0.00002992
0.00004329
0.00001735
0.00003117
0.00001234
0.00003483
0.00001585
0.00005120
0.00004312
0.00002088
0.00005153
0.00005942
0.00002845
0.00003204
0.00003179
0.00002977
0.00003405
0.00005074
0.00001915
0.00002788
0.00006107
0.00002231
0.00003971
0.00002975
0.00005159
0.00004824
0.00002470
0.00003586
0.00005411
0.00004774
0.00003055
0.00003075
0.00002123
0.00001617
0.00002593
0.00002229
0.00005929
0.00006010
0.00001837
0.00002422
0.00002116
0.00003295
0.00003848
0.00000645
0.00002432
0.00000870
0.00007794
0.00002277
0.00003438
0.00001145
0.00002984
0.00003797
0.00005058
0.00007184
0.00002018
0.00001049
0.00002700
0.00004912
0.00005430
0.00001032
0.00008172
0.00004845
0.00006406
0.00005683
0.00003175
0.00002688
0.00001204
0.00002914
0.00003029
0.00002074
0.00003192
0.00001445
0.00002463
0.00002466
0.00002058
0.00001588
0.00002809
0.00004265
0.00005833
0.00004047
0.00003335
0.00002698
0.00004755
0.00002617
0.00003045
0.00003253
0.00002127
0.00001675
0.00002309
0.00002001
0.00000900
0.00002917
0.00001802
0.00003454
0.00001736
0.00003328
0.00002566
0.00003276
0.00001324
0.00000698
0.00003169
0.00002782
0.00002549
0.00002786
0.00002261
0.00003367
0.00001327
0.00004472
0.00003191
0.00001860
0.00004213
0.00004200
0.00005847
0.00005139
0.00002628
0.00001584
0.00002305
0.00002168
0.00002824
0.00005136
0.00007061
0.00002799
0.00000191
0.00003311
0.00003248
0.00003826
0.00000850
0.00002025
0.00003745
0.00004527
0.00002866
0.00002166
0.00002837
0.00001684
0.00000972
0.00003241
0.00001309
0.00003516
0.00007012
0.00005644
0.00002533
0.00007494
0.00001056
0.00001417
0.00003099
0.00003008
0.00001906
0.00003367
0.00001867
0.00000210
0.00001526
0.00002146
0.00002692
0.00003547
0.00004277
0.00001992
0.00002610
0.00005739
0.00003278
0.00001085
0.00003190
0.00002897
0.00005462
0.00002158
0.00003680
0.00002872
0.00003349
0.00005269
0.00002350
0.00003584
0.00004467
0.00001549
0.00001735
0.00002622
0.00003656
0.00001398
0.00003129
0.00004164
0.00000726
0.00002610
0.00002216
0.00001583
0.00001089
0.00002943
0.00002163
0.00002959
0.00001973
0.00002132
0.00009252
0.00001991
0.00005568
0.00004132
0.00004525
0.00003160
0.00004161
0.00004877
0.00002457
0.00001872
0.00004231
0.00001238
0.00000300
0.00002778
0.00002264
0.00005329
0.00003262
0.00005535
0.00001488
0.00001989
0.00001078
0.00006086
0.00000408
0.00004419
0.00003931
0.00002429
0.00005080
0.00004029
0.00002908
0.00002876
0.00006351
0.00004728
0.00001865
0.00003682
0.00002721
0.00003938
0.00004928
0.00003230
0.00005764
0.00001897
0.00003444
0.00002647
0.00003246
0.00004897
0.00003246
0.00002647
0.00003444
0.00001897
0.00005764
0.00003230
0.00004928
0.00003938
0.00002721
0.00003682
0.00001865
0.00004728
0.00006351
0.00002876
0.00002908
0.00004029
0.00005080
0.00002429
0.00003931
0.00004419
0.00000408
0.00006086
0.00001078
0.00001989
0.00001488
0.00005535
0.00003262
0.00005329
0.00002264
0.00002778
0.00000300
0.00001238
0.00004231
0.00001872
0.00002457
0.00004877
0.00004161
0.00003160
0.00004525
0.00004132
0.00005568
0.00001991
0.00009252
0.00002132
0.00001973
0.00002959
0.00002163
0.00002943
0.00001089
0.00001583
0.00002216
0.00002610
0.00000726
0.00004164
0.00003129
0.00001398
0.00003656
0.00002622
0.00001735
0.00001549
0.00004467
0.00003584
0.00002350
0.00005269
0.00003349
0.00002872
0.00003680
0.00002158
0.00005462
0.00002897
0.00003190
0.00001085
0.00003278
0.00005739
0.00002610
0.00001992
0.00004277
0.00003547
0.00002692
0.00002146
0.00001526
0.00000210
0.00001867
0.00003367
0.00001906
0.00003008
0.00003099
0.00001417
0.00001056
0.00007494
0.00002533
0.00005644
0.00007012
0.00003516
0.00001309
0.00003241
0.00000972
0.00001684
0.00002837
0.00002166
0.00002866
0.00004527
0.00003745
0.00002025
0.00000850
0.00003826
0.00003248
0.00003311
0.00000191
0.00002799
0.00007061
0.00005136
0.00002824
0.00002168
0.00002305
0.00001584
0.00002628
0.00005139
0.00005847
0.00004200
0.00004213
0.00001860
0.00003191
0.00004472
0.00001327
0.00003367
0.00002261
0.00002786
0.00002549
0.00002782
0.00003169
0.00000698
0.00001324
0.00003276
0.00002566
0.00003328
0.00001736
0.00003454
0.00001802
0.00002917
0.00000900
0.00002001
0.00002309
0.00001675
0.00002127
0.00003253
0.00003045
0.00002617
0.00004755
0.00002698
0.00003335
0.00004047
0.00005833
0.00004265
0.00002809
0.00001588
0.00002058
0.00002466
0.00002463
0.00001445
0.00003192
0.00002074
0.00003029
0.00002914
0.00001204
0.00002688
0.00003175
0.00005683
0.00006406
0.00004845
0.00008172
0.00001032
0.00005430
0.00004912
0.00002700
0.00001049
0.00002018
0.00007184
0.00005058
0.00003797
0.00002984
0.00001145
0.00003438
0.00002277
0.00007794
0.00000870
0.00002432
0.00000645
0.00003848
0.00003295
0.00002116
0.00002422
0.00001837
0.00006010
0.00005929
0.00002229
0.00002593
0.00001617
0.00002123
0.00003075
0.00003055
0.00004774
0.00005411
0.00003586
0.00002470
0.00004824
0.00005159
0.00002975
0.00003971
0.00002231
0.00006107
0.00002788
0.00001915
0.00005074
0.00003405
0.00002977
0.00003179
0.00003204
0.00002845
0.00005942
0.00005153
0.00002088
0.00004312
0.00005120
0.00001585
0.00003483
0.00001234
0.00003117
0.00001735
0.00004329
0.00002992
0.00003469
0.00001861
0.00002725
0.00005115
0.00003339
0.00003473
0.00005937
0.00003779
0.00001820
0.00003813
0.00005357
0.00000472
0.00007039
0.00007969
0.00003046
0.00000540
0.00003239
0.00002921
0.00002068
0.00003027
0.00001807
0.00003343
0.00004368
0.00000827
0.00005955
0.00003825
0.00001873
0.00003687
0.00005625
0.00001974
0.00002678
0.00001307
0.00004956
0.00005977
0.00000896
0.00004613
0.00004120
0.00001678
0.00001622
0.00003388
0.00001149
0.00004149
0.00001623
0.00003626
0.00004553
0.00005943
0.00003925
0.00002211
0.00001125
0.00003229
0.00002398
0.00003786
0.00002211
0.00004109
0.00001960
0.00004555
0.00001346
0.00001334
0.00001332
0.00002822
0.00005398
0.00002546
0.00004026
0.00002847
0.00004365
0.00001451
0.00001804
0.00004966
0.00001559
0.00001614
0.00007903
0.00000785
0.00002585
0.00001366
0.00004373
0.00004788
0.00002691
0.00004233
0.00003537
0.00003583
0.00004092
0.00001754
0.00001827
0.00001131
0.00005027
0.00002582
0.00004893
0.00001150
0.00000654
0.00002698
0.00002398
0.00003625
0.00005403
0.00003028
0.00001897
0.00008567
0.00003111
0.00001645
0.00004457
0.00002955
0.00004976
0.00003300
0.00002543
0.00004637
0.00002277
0.00000570
0.00004959
0.00004385
0.00005707
0.00002783
0.00005926
0.00002788
0.00007837
0.00003009
0.00003590
0.00003232
0.00003964
0.00001792
0.00001349
0.00002341
0.00002513
0.00003087
0.00004271
0.00005902
0.00003034
0.00007817
0.00001562
0.00002989
0.00004937
0.00002588
0.00005431
0.00001989
0.00003062
0.00001534
0.00002424
0.00002178
0.00000956
0.00003557
0.00004684
0.00004417
0.00001893
0.00002857
0.00003547
0.00001891
0.00002144
0.00003056
0.00001820
0.00004569
0.00001845
0.00008208
0.00001344
0.00001669
0.00003700
0.00000866
0.00000872
0.00002892
0.00002940
0.00001909
0.00003193
0.00004981
0.00004685
0.00002597
0.00000170
0.00002366
0.00002008
0.00001213
0.00001978
0.00004790
0.00003124
0.00007294
0.00002526
0.00000801
0.00005947
0.00001729
0.00002742
0.00004762
0.00003105
0.00003293
0.00004154
0.00006340
0.00004962
0.00005586
0.00009255
0.00005612
0.00002966
0.00002719
0.00000607
0.00001563
0.00001286
0.00000787
0.00001686
0.00002278
0.00004215
0.00002596
0.00005709
0.00007159
0.00002102
0.00004128
0.00004463
0.00001375
0.00006231
0.00002322
0.00003916
0.00003339
0.00003372
0.00003474
0.00002130
0.00004308
0.00003929
0.00002804
0.00004240
0.00004860
0.00004641
0.00001214
0.00004289
0.00002331
0.00002388
0.00002177
0.00003444
0.00003569
0.00001632
0.00002860
0.00002109
0.00005778
0.00004790
0.00002737
0.00003190
0.00003977
0.00003339
0.00001730
0.00005989
0.00001537
0.00001906
0.00002123
0.00003542
0.00007169
0.00001797
0.00003204
0.00001883
0.00001848
0.00003288
0.00004535
0.00002210
0.00003194
0.00003538
0.00002770
0.00002353
0.00002242
0.00001717
0.00003871
0.00003553
0.00005042
0.00006039
0.00004997
0.00002886
0.00003089
0.00005353
0.00001962
0.00005173
0.00004080
0.00002233
0.00005189
0.00004484
0.00004608
0.00005313
0.00004112
0.00001613
0.00004045
0.00005614
0.00003294
0.00003914
0.00002792
0.00004691
0.00005934
0.00000619
0.00004751
0.00001498
0.00005193
0.00002633
0.00001827
0.00005567
0.00004735
0.00003009
0.00002028
0.00006306
0.00007576
0.00003800
0.00006792
0.00004714
0.00004340
0.00002615
0.00004260
0.00002707
0.00006210
0.00004447
0.00007129
0.00005558
0.00003579
0.00005088
0.00001508
0.00003972
0.00007442
0.00005763
0.00003226
0.00003871
0.00005528
0.00002545
0.00004333
0.00007464
0.00004203
0.00002151
0.00002189
0.00002270
0.00001663
0.00002889
0.00004089
0.00005022
0.00005652
0.00000880
0.00003624
0.00003448
0.00003191
0.00001855
0.00004607
0.00005124
0.00003532
0.00001109
0.00004541
0.00007112
0.00003884
0.00007958
0.00005757
0.00007072
0.00003870
0.00004863
0.00003956
0.00005624
0.00001052
0.00004666
0.00002722
0.00002475
0.00003164
0.00003569
0.00004807
0.00001220
0.00005034
0.00005890
0.00007069
0.00003592
0.00009472
0.00006132
0.00003841
0.00006550
0.00005954
0.00004037
0.00007816
0.00006447
0.00004501
0.00005884
0.00005916
0.00006628
0.00003714
0.00003358
0.00004787
0.00006181
0.00002832
0.00003815
0.00006803
0.00001611
0.00006059
0.00005062
0.00006359
0.00003829
0.00006842
0.00002320
0.00000600
0.00003605
0.00004062
0.00004137
0.00002364
0.00004974
0.00005890
0.00005452
0.00005180
0.00001702
0.00003248
0.00006630
0.00004234
0.00004968
0.00007619
0.00004910
0.00002154
0.00005877
0.00004858
0.00002622
0.00006449
0.00000523
0.00005599
0.00004638
0.00004055
0.00005222
0.00006195
0.00005062
0.00004077
0.00001820
0.00004563
0.00003185
0.00004365
0.00004979
0.00006707
0.00007040
0.00005835
0.00005978
0.00001806
0.00006634
0.00007099
0.00002527
0.00005316
0.00003716
0.00003787
0.00007167
0.00007308
0.00008900
0.00005912
0.00004637
0.00003040
0.00004648
0.00002873
0.00001814
0.00007379
0.00005735
0.00008204
0.00004244
0.00002873
0.00004310
0.00003418
0.00004156
0.00002805
0.00007907
0.00004531
0.00006357
0.00001573
0.00002248
0.00002283
0.00005302
0.00003908
0.00001857
0.00003770
0.00005531
0.00003243
0.00005935
0.00004462
0.00005745
0.00004645
0.00010173
0.00006564
0.00004708
0.00004248
0.00006806
0.00006332
0.00004449
0.00005288
0.00006076
0.00004479
0.00004971
0.00008069
0.00005583
0.00006529
0.00006082
0.00009219
0.00005961
0.00006959
0.00004516
0.00007608
0.00004242
0.00004514
0.00002793
0.00004768
0.00006581
0.00004020
0.00007250
0.00002827
0.00004096
0.00002600
0.00005684
0.00007226
0.00007997
0.00006124
0.00004733
0.00003485
0.00004654
0.00005764
0.00007164
0.00005707
0.00004563
0.00004555
0.00004369
0.00007581
0.00005359
0.00006519
0.00002544
0.00002112
0.00003841
0.00005465
0.00006167
0.00006096
0.00005183
0.00010924
0.00006258
0.00003741
0.00006356
0.00001499
0.00006411
0.00006385
0.00006996
0.00006453
0.00005758
0.00004123
0.00005735
0.00004463
0.00006593
0.00002693
0.00008521
0.00004833
0.00000643
0.00005849
0.00007543
0.00005023
0.00006390
0.00005824
0.00007528
0.00007585
0.00006132
0.00005513
0.00006163
0.00006474
0.00004387
0.00004693
0.00006167
0.00008912
0.00008139
0.00005667
0.00007247
0.00009592
0.00006170
0.00004584
0.00008647
0.00008442
0.00006453
0.00004601
0.00003844
0.00006506
0.00008965
0.00005356
0.00007239
0.00004625
0.00005601
0.00007206
0.00004832
0.00008567
0.00008452
0.00007802
0.00008416
0.00009800
0.00006371
0.00005341
0.00002520
0.00006114
0.00003626
0.00004614
0.00007812
0.00002161
0.00007668
0.00005107
0.00005959
0.00006104
0.00008891
0.00007702
0.00004479
0.00008041
0.00006042
0.00009186
0.00005215
0.00003778
0.00009584
0.00008637
0.00007388
0.00004642
0.00004705
0.00010821
0.00003058
0.00007517
0.00003685
0.00007945
0.00006982
0.00007065
0.00009672
0.00006492
0.00005479
0.00005656
0.00005828
0.00007171
0.00007291
0.00009458
0.00005252
0.00003940
0.00008141
0.00009422
0.00005850
0.00008852
0.00003924
0.00004756
0.00007576
0.00005624
0.00006828
0.00003485
0.00006285
0.00005257
0.00007467
0.00006583
0.00006320
0.00003588
0.00005534
0.00006046
0.00006590
0.00008924
0.00004885
0.00006368
0.00004362
0.00007581
0.00007476
0.00003950
0.00008807
0.00005074
0.00006526
0.00007338
0.00006652
0.00007683
0.00006030
0.00006466
0.00004687
0.00007444
0.00006252
0.00011313
0.00007633
0.00006168
0.00009457
0.00004559
0.00006315
0.00010170
0.00008772
0.00008298
0.00003830
0.00005014
0.00006960
0.00006822
0.00006056
0.00005244
0.00005738
0.00012008
0.00007609
0.00007676
0.00005570
0.00009370
0.00006717
0.00008912
0.00008051
0.00007359
0.00009593
0.00006290
0.00006908
0.00009559
0.00005901
0.00007664
0.00008707
0.00007161
0.00007004
0.00007965
0.00007203
0.00011882
0.00009683
0.00005717
0.00010488
0.00004308
0.00007625
0.00007338
0.00004680
0.00010505
0.00007706
0.00012079
0.00006177
0.00008459
0.00004580
0.00006985
0.00006877
0.00003710
0.00005733
0.00006309
0.00008176
0.00005048
0.00009965
0.00009498
0.00007006
0.00005744
0.00009270
0.00008380
0.00006314
0.00005952
0.00007905
0.00007180
0.00007410
0.00007046
0.00002464
0.00007642
0.00008052
0.00006797
0.00005819
0.00006820
0.00005459
0.00009601
0.00008859
0.00006519
0.00009293
0.00007186
0.00006511
0.00008013
0.00006265
0.00006450
0.00008677
0.00006867
0.00008360
0.00005875
0.00008233
0.00006823
0.00008953
0.00008962
0.00008370
0.00008836
0.00010785
0.00008031
0.00014205
0.00007271
0.00010688
0.00008220
0.00008915
0.00007880
0.00006265
0.00009019
0.00008931
0.00012751
0.00007779
0.00007938
0.00010255
0.00009524
0.00009262
0.00010277
0.00006386
0.00007830
0.00009933
0.00010880
0.00014732
0.00010535
0.00010051
0.00007253
0.00010349
0.00006084
0.00006984
0.00007575
0.00007439
0.00006879
0.00006137
0.00008865
0.00006107
0.00010826
0.00008619
0.00012718
0.00005729
0.00007914
0.00011112
0.00009165
0.00011768
0.00006891
0.00010491
0.00008869
0.00008077
0.00009390
0.00008985
0.00008336
0.00008234
0.00007942
0.00008168
0.00007179
0.00010751
0.00011427
0.00009540
0.00009804
0.00012409
0.00008634
0.00009841
0.00009672
0.00007479
0.00008834
0.00010723
0.00010948
0.00009639
0.00010552
0.00007897
0.00011056
0.00005726
0.00007917
0.00013637
0.00010359
0.00011473
0.00006093
0.00011953
0.00008355
0.00009543
0.00011250
0.00006026
0.00010961
0.00012106
0.00007612
0.00007016
0.00012773
0.00010653
0.00009778
0.00008837
0.00013011
0.00012876
0.00011748
0.00013366
0.00012294
0.00009104
0.00005257
0.00011766
0.00010712
0.00009710
0.00009691
0.00011913
0.00010882
0.00011183
0.00010653
0.00012378
0.00012058
0.00011338
0.00007393
0.00010670
0.00010674
0.00008355
0.00008947
0.00010117
0.00010688
0.00007621
0.00010557
0.00012237
0.00009099
0.00008608
0.00012124
0.00009465
0.00012165
0.00010512
0.00010093
0.00010418
0.00008361
0.00009108
0.00009634
0.00011216
0.00009240
0.00009212
0.00011737
0.00010403
0.00010109
0.00012769
0.00009124
0.00011107
0.00011369
0.00011757
0.00010723
0.00012272
0.00010978
0.00009078
0.00013212
0.00009459
0.00008270
0.00013323
0.00010961
0.00013698
0.00009787
0.00013167
0.00010065
0.00008978
0.00011002
0.00012444
0.00010839
0.00009305
0.00009924
0.00009696
0.00009970
0.00012323
0.00008590
0.00010548
0.00011384
0.00008610
0.00010312
0.00011732
0.00012073
0.00009548
0.00013113
0.00008060
0.00008932
0.00010782
0.00013612
0.00012252
0.00010119
0.00015662
0.00012080
0.00012880
0.00011339
0.00012325
0.00009067
0.00012458
0.00010239
0.00013184
0.00014579
0.00013537
0.00014985
0.00012105
0.00011187
0.00010963
0.00012728
0.00013875
0.00009465
0.00013438
0.00011741
0.00011756
0.00009525
0.00013854
0.00013023
0.00012025
0.00015522
0.00015563
0.00010350
0.00013452
0.00012740
0.00011093
0.00014657
0.00012360
0.00011044
0.00012821
0.00012756
0.00014961
0.00012369
0.00013932
0.00011809
0.00016008
0.00011773
0.00013316
0.00014244
0.00014307
0.00012439
0.00014186
0.00014725
0.00011784
0.00011481
0.00014875
0.00015643
0.00013810
0.00014846
0.00012966
0.00014670
0.00012174
0.00013007
0.00014263
0.00012938
0.00013407
0.00012024
0.00014706
0.00012783
0.00013986
0.00013754
0.00015741
0.00015529
0.00014629
0.00014351
0.00012251
0.00012547
0.00013112
0.00013626
0.00013411
0.00012352
0.00017102
0.00012382
0.00016852
0.00013766
0.00014057
0.00012016
0.00016741
0.00013424
0.00013168
0.00014676
0.00017342
0.00018646
0.00017081
0.00013745
0.00013397
0.00011971
0.00017173
0.00013580
0.00013006
0.00014414
0.00016254
0.00018553
0.00014266
0.00013892
0.00018428
0.00013814
0.00016411
0.00016382
0.00017687
0.00012856
0.00017189
0.00017521
0.00016260
0.00016731
0.00014529
0.00012562
0.00014929
0.00019851
0.00015015
0.00013613
0.00015760
0.00014622
0.00016862
0.00018014
0.00016509
0.00017177
0.00015801
0.00016794
0.00015686
0.00015412
0.00013130
0.00015343
0.00014012
0.00014557
0.00018118
0.00012077
0.00016740
0.00011890
0.00014467
0.00015918
0.00020359
0.00014641
0.00018548
0.00012393
0.00019534
0.00013902
0.00016888
0.00015996
0.00016531
0.00017883
0.00017759
0.00017190
0.00015368
0.00016963
0.00015493
0.00019593
0.00018879
0.00011790
0.00015721
0.00017963
0.00014457
0.00017327
0.00017478
0.00017441
0.00016664
0.00016087
0.00018769
0.00018924
0.00017984
0.00018765
0.00019228
0.00015974
0.00015605
0.00018338
0.00019351
0.00018811
0.00017030
0.00021427
0.00017247
0.00016005
0.00018698
0.00016700
0.00019600
0.00017966
0.00019997
0.00020476
0.00018992
0.00018005
0.00021429
0.00015509
0.00020141
0.00017268
0.00021690
0.00019618
0.00018819
0.00021173
0.00019798
0.00019770
0.00016365
0.00019827
0.00019487
0.00023508
0.00018789
0.00020771
0.00019527
0.00018453
0.00022112
0.00023775
0.00020501
0.00023922
0.00022255
0.00020813
0.00020041
0.00018077
0.00022193
0.00020747
0.00019585
0.00023886
0.00021830
0.00020837
0.00018207
0.00022797
0.00019483
0.00022329
0.00018652
0.00023025
0.00018774
0.00023964
0.00021836
0.00020116
0.00022668
0.00022737
0.00018971
0.00022300
0.00023685
0.00021339
0.00022470
0.00023356
0.00025227
0.00020002
0.00019719
0.00021709
0.00020270
0.00019870
0.00027454
0.00021813
0.00022842
0.00023804
0.00021790
0.00024682
0.00022762
0.00024675
0.00024405
0.00025611
0.00024192
0.00024671
0.00022891
0.00024022
0.00027477
0.00020860
0.00025168
0.00021991
0.00024972
0.00026629
0.00021850
0.00025712
0.00023422
0.00021758
0.00024221
0.00025959
0.00021120
0.00023872
0.00023524
0.00029701
0.00026548
0.00024674
0.00025770
0.00024239
0.00026186
0.00025688
0.00027643
0.00026419
0.00025731
0.00027391
0.00022002
0.00027187
0.00024744
0.00027272
0.00029047
0.00023885
0.00022510
0.00025602
0.00027975
0.00028481
0.00025829
0.00026974
0.00026955
0.00027835
0.00026707
0.00027560
0.00027209
0.00025349
0.00027638
0.00028893
0.00027652
0.00028962
0.00027560
0.00027737
0.00024310
0.00028534
0.00024538
0.00027917
0.00026928
0.00026934
0.00027568
0.00028006
0.00031393
0.00029593
0.00030228
0.00025335
0.00027739
0.00030868
0.00030755
0.00029418
0.00028942
0.00030703
0.00028528
0.00032863
0.00030123
0.00030356
0.00030137
0.00027757
0.00024877
0.00032231
0.00030234
0.00031340
0.00029761
0.00027708
0.00033281
0.00031203
0.00029233
0.00026868
0.00029732
0.00033634
0.00031471
0.00031020
0.00033536
0.00032650
0.00032691
0.00033374
0.00030957
0.00032692
0.00032259
0.00033625
0.00033598
0.00036132
0.00033800
0.00032072
0.00027963
0.00033485
0.00035604
0.00036886
0.00031286
0.00034207
0.00033642
0.00040831
0.00032854
0.00032078
0.00035388
0.00037446
0.00032089
0.00034791
0.00036195
0.00034987
0.00034192
0.00035728
0.00035578
0.00037286
0.00031888
0.00037696
0.00032914
0.00036508
0.00038600
0.00037908
0.00037357
0.00033929
0.00037663
0.00039206
0.00037368
0.00036306
0.00037020
0.00037488
0.00038391
0.00033338
0.00039672
0.00040968
0.00035096
0.00035348
0.00036788
0.00039744
0.00039701
0.00035610
0.00039976
0.00039746
0.00037288
0.00040681
0.00041194
0.00039011
0.00043051
0.00038556
0.00043570
0.00038637
0.00039929
0.00038489
0.00041866
0.00045925
0.00042153
0.00047331
0.00041553
0.00047988
0.00043769
0.00043808
0.00044084
0.00040087
0.00041513
0.00042045
0.00044020
0.00040900
0.00042765
0.00043914
0.00046634
0.00045388
0.00045514
0.00044881
0.00044661
0.00044207
0.00044271
0.00048171
0.00046512
0.00047610
0.00045167
0.00045106
0.00046537
0.00046013
0.00045991
0.00049950
0.00048853
0.00048319
0.00048008
0.00050491
0.00051060
0.00046187
0.00048763
0.00048396
0.00043521
0.00048885
0.00051003
0.00048015
0.00050095
0.00048517
0.00049203
0.00051376
0.00053616
0.00050220
0.00057159
0.00052900
0.00051354
0.00056228
0.00051025
0.00055429
0.00053511
0.00055941
0.00053848
0.00054477
0.00055244
0.00057881
0.00053549
0.00053856
0.00055898
0.00054745
0.00056917
0.00056278
0.00059640
0.00055926
0.00057358
0.00060882
0.00057166
0.00057681
0.00062079
0.00054192
0.00060374
0.00059594
0.00058841
0.00064847
0.00060845
0.00061879
0.00059294
0.00061364
0.00064037
0.00061286
0.00061638
0.00066554
0.00059569
0.00062936
0.00061462
0.00062714
0.00064630
0.00065748
0.00064477
0.00067650
0.00063353
0.00069309
0.00069373
0.00068697
0.00068417
0.00068997
0.00068824
0.00068081
0.00068564
0.00072988
0.00065237
0.00071158
0.00069486
0.00070059
0.00071239
0.00072727
0.00072503
0.00074582
0.00074082
0.00073773
0.00070905
0.00076024
0.00075398
0.00072803
0.00072923
0.00074858
0.00076076
0.00078412
0.00075580
0.00079510
0.00076118
0.00079483
0.00079409
0.00079205
0.00080262
0.00086180
0.00082038
0.00082562
0.00083406
0.00083027
0.00081990
0.00084466
0.00086272
0.00085769
0.00084908
0.00085503
0.00086409
0.00087522
0.00085073
0.00086673
0.00089363
0.00087089
0.00089216
0.00091765
0.00090186
0.00091328
0.00093639
0.00095080
0.00093923
0.00091898
0.00094855
0.00095546
0.00094757
0.00095075
0.00096203
0.00099351
0.00092958
0.00100217
0.00099289
0.00099634
0.00101108
0.00103584
0.00104199
0.00102794
0.00106260
0.00103691
0.00103616
0.00107852
0.00106745
0.00109475
0.00107786
0.00107989
0.00108011
0.00111012
0.00111369
0.00109862
0.00108156
0.00114152
0.00112217
0.00109101
0.00116081
0.00115375
0.00117043
0.00119046
0.00120857
0.00116433
0.00119605
0.00122338
0.00120979
0.00122003
0.00125728
0.00122575
0.00130254
0.00125527
0.00128058
0.00127607
0.00130699
0.00127251
0.00133261
0.00130986
0.00137296
0.00135118
0.00135269
0.00136479
0.00137194
0.00138772
0.00137011
0.00140977
0.00141587
0.00145272
0.00146610
0.00145189
0.00150582
0.00148485
0.00147943
0.00148475
0.00152757
0.00152686
0.00153461
0.00154776
0.00157449
0.00156921
0.00158887
0.00163449
0.00161828
0.00162978
0.00165953
0.00166569
0.00168061
0.00172269
0.00173795
0.00168740
0.00173637
0.00173777
0.00180576
0.00182179
0.00178210
0.00181739
0.00179560
0.00186678
0.00187787
0.00191598
0.00192506
0.00193382
0.00194330
0.00195700
0.00197277
0.00200850
0.00205799
0.00202037
0.00207823
0.00211459
0.00211958
0.00213676
0.00213691
0.00217336
0.00216760
0.00223296
0.00225313
0.00229657
0.00230554
0.00233024
0.00235362
0.00236408
0.00237502
0.00243068
0.00244141
0.00249897
0.00248664
0.00255207
0.00256507
0.00263016
0.00260177
0.00264289
0.00268816
0.00270662
0.00271724
0.00276092
0.00278284
0.00281767
0.00286726
0.00290531
0.00292181
0.00298213
0.00298556
0.00307449
0.00312565
0.00310761
0.00316016
0.00322882
0.00323881
0.00331942
0.00332696
0.00337802
0.00343409
0.00348981
0.00351267
0.00355650
0.00363410
0.00367473
0.00373246
0.00378900
0.00383564
0.00387564
0.00394235
0.00399103
0.00406519
0.00411376
0.00417900
0.00428845
0.00429833
0.00437219
0.00446858
0.00450310
0.00462915
0.00467977
0.00471937
0.00481707
0.00489211
0.00499635
0.00510878
0.00515640
0.00523003
0.00533684
0.00540922
0.00556240
0.00561060
0.00576320
0.00584247
0.00594403
0.00605961
0.00616275
0.00632218
0.00644072
0.00657258
0.00669862
0.00687314
0.00698208
0.00715964
0.00732205
0.00745973
0.00762779
0.00777787
0.00795968
0.00815843
0.00836642
0.00855496
0.00876054
0.00897552
0.00917992
0.00947198
0.00969542
0.00992274
0.01023804
0.01053651
0.01080631
0.01115910
0.01149490
0.01185056
0.01221602
0.01265543
0.01305925
0.01348764
0.01396728
0.01441122
0.01496631
0.01553876
0.01611912
0.01681852
0.01753781
0.01825553
0.01906276
0.01990656
0.02090387
0.02195460
0.02305649
0.02429451
0.02568557
0.02721551
0.02892147
0.03083345
0.03299589
0.03544489
0.03832176
0.04159348
0.04544909
0.05008540
0.05566948
0.06256441
0.07133597
0.08285949
0.09859685
0.12136429
0.15742908
0.22269488
0.37723626
1.17210218
0.97583954
0.35865273
0.21989512
0.15900273
0.12478463
0.10292658
0.08774403
0.07657025
0.06800867
0.06128594
0.05576185
0.05123821
0.04744450
0.04422447
0.04142549
0.03898883
0.03686332
0.03496172
0.03332615
0.03177820
0.03043628
0.02920791
0.02808813
0.02707614
0.02615856
0.02531152
0.02449295
0.02374427
0.02307850
0.02243025
0.02187780
0.02133937
0.02076952
0.02033022
0.01988560
0.01942198
0.01905297
0.01868538
0.01831982
0.01800972
0.01768998
0.01739966
0.01709625
0.01682846
0.01653808
0.01631032
0.01608615
0.01587491
0.01562584
0.01546503
0.01528303
0.01511731
0.01497688
0.01471066
0.01460678
0.01446774
0.01430838
0.01418429
0.01405380
0.01393049
0.01382638
0.01370886
0.01359465
0.01349252
0.01341007
0.01333111
0.01325439
0.01318118
0.01309308
0.01302304
0.01294691
0.01291465
0.01279011
0.01276934
0.01273335
0.01271141
0.01264129
0.01262364
0.01255822
0.01252657
0.01250815
0.01245858
0.01245792
0.01241498
0.01236938
0.01237638
0.01240571
0.01239014
0.01238384
