-0.00000000
0.34340247
0.67768805
0.99981780
1.30371379
1.58329810
1.83249281
2.04825896
2.22147968
2.35823287
2.44636271
2.48890815
2.48586919
2.43420687
2.33999911
2.20020696
2.01786936
1.79906425
1.54379162
1.26116835
0.95727236
0.63210366
0.29781807
-0.04558440
-0.38594791
-0.71719453
-1.03628532
-1.33410339
-1.61064874
-1.85376553
-2.06041480
-2.23059656
-2.35823287
-2.44332375
-2.47979127
-2.47067439
-2.41293415
-2.31264847
-2.16677840
-1.98140185
-1.75651881
-1.50124618
-1.21862291
-0.90864901
-0.58651926
-0.25223367
0.08812984
0.42545438
0.75670101
1.06971388
1.36449299
1.63496042
1.87199929
2.07560960
2.23971344
2.36127183
2.43724583
2.46763543
2.45244063
2.39166143
2.28225887
2.13334984
1.94493433
1.71701234
1.45870075
1.17303852
0.86306461
0.54093486
0.20664927
-0.13371423
-0.46799982
-0.79316853
-1.10618140
-1.39488259
-1.65927210
-1.89327201
-2.08776544
-2.24579136
-2.36127183
-2.43116791
-2.45547959
-2.43420687
-2.36734975
-2.25490824
-2.09992128
-1.90542785
-1.67750586
-1.41615531
-1.12745412
-0.81748021
-0.49535046
-0.16106487
0.17625967
0.50750630
0.83267501
1.13960996
1.42527219
1.68358378
1.91150577
2.09992128
2.25186928
2.36127183
2.42508999
2.44332375
2.41597311
2.34303807
2.22755760
2.06649272
1.86896033
1.63496042
1.37360987
1.08186972
0.77189581
0.44976606
0.11548048
-0.21880511
-0.54701278
-0.86914253
-1.16999956
-1.45262283
-1.70485650
-1.92670057
-2.11207712
-2.25794719
-2.36127183
-2.41901207
-2.43116791
-2.39773935
-2.31872639
-2.19716800
-2.03306416
-1.83249281
-1.59545394
-1.32802547
-1.03932428
-0.72935037
-0.40418166
-0.07293504
0.26135055
0.58651926
0.90257109
1.20342811
1.47997346
1.72916817
1.94493433
2.12423296
2.26098615
2.35823287
2.40989519
2.41597311
2.37646663
2.29441471
2.16677840
1.99963560
1.79298633
1.55594746
1.28548003
0.99373988
0.68376597
0.35859727
0.03038960
-0.30085703
-0.62602574
-0.93903860
-1.23381771
-1.50732410
-1.75044089
-1.96012913
-2.13334984
-2.26706407
-2.35519391
-2.40077831
-2.40077831
-2.35823287
-2.26706407
-2.13638880
-1.96316809
-1.75651881
-1.51340202
-1.24293459
-0.94815548
-0.63818158
-0.31605183
0.01519480
0.34340247
0.66553221
0.97550612
1.26420731
1.53163578
1.76867465
1.97532393
2.14246672
2.26706407
2.35215495
2.39166143
2.38558351
2.33696015
2.24275240
2.10599920
1.92973953
1.71701234
1.47085658
1.20038915
0.90561005
0.59259718
0.27046743
-0.05774024
-0.38290895
-0.70199973
-1.00893468
-1.29459691
-1.55594746
-1.78994737
-1.98747977
-2.14854464
-2.27010303
-2.34911599
-2.38254455
-2.37038871
-2.31568743
-2.21540176
-2.07560960
-1.89327201
-1.67750586
-1.43135011
-1.15784372
-0.86002565
-0.55005174
-0.22792199
0.10028568
0.42241542
0.73846725
1.04236324
1.32498651
1.58025914
1.80818113
2.00267456
2.15766152
2.27314199
2.34303807
2.37038871
2.35519391
2.29137575
2.18805112
2.04218104
1.85984345
1.64103834
1.38880467
1.11529828
0.81748021
0.50446734
0.18233759
-0.13979215
-0.46192190
-0.77493477
-1.07275284
-1.35233715
-1.60457082
-1.82641489
-2.01483040
-2.16373944
-2.27314199
-2.33696015
-2.35823287
-2.33696015
-2.27010303
-2.16070048
-2.01179144
-1.82337593
-1.60153186
-1.34929819
-1.06971388
-0.77189581
-0.46192190
-0.13979215
0.18233759
0.50142838
0.81140229
1.10618140
1.37968779
1.62584354
1.84464865
2.02394728
2.16981736
2.27010303
2.33088223
2.34607703
2.31872639
2.24579136
2.13334984
1.97836289
1.78690841
1.56202538
1.30675275
1.02716844
0.72935037
0.41937646
0.09724672
-0.22184407
-0.54093486
-0.84786981
-1.13657100
-1.40703843
-1.65015522
-1.85984345
-2.03610312
-2.17285632
-2.27010303
-2.32480431
-2.33392119
-2.30049263
-2.22451864
-2.10296024
-1.94493433
-1.75044089
-1.52251890
-1.26420731
-0.98462300
-0.68680493
-0.37379207
-0.05470128
0.26438951
0.57740238
0.88129837
1.16696060
1.43135011
1.66838898
1.87503825
2.04522000
2.17893424
2.26706407
2.31568743
2.32176535
2.28225887
2.20020696
2.07560960
1.91150577
1.71397338
1.48301242
1.22470083
0.94207756
0.64425950
0.33124663
0.01519480
-0.30389599
-0.61386990
-0.91472693
-1.19735019
-1.45870075
-1.68966170
-1.89023305
-2.05433688
-2.18197320
-2.26706407
-2.30657055
-2.30657055
-2.26098615
-2.17285632
-2.04522000
-1.87807721
-1.67750586
-1.44350595
-1.18215540
-0.89953213
-0.59867510
-0.28870119
0.02735064
0.34340247
0.65033742
0.94815548
1.22773979
1.48301242
1.70789546
1.90542785
2.06345376
2.18197320
2.26098615
2.29745367
2.29137575
2.24275240
2.14854464
2.01483040
1.84464865
1.64103834
1.40399947
1.13960996
0.85698669
0.55612966
0.24615575
-0.06685712
-0.38290895
-0.68680493
-0.98158404
-1.25509043
-1.50428514
-1.72916817
-1.91758369
-2.06953168
-2.18501216
-2.25794719
-2.28833679
-2.27618095
-2.22147968
-2.12423296
-1.98444081
-1.81122009
-1.60153186
-1.36449299
-1.10010348
-0.81444125
-0.51358422
-0.20361031
0.10940256
0.41937646
0.72327245
1.01197364
1.28244107
1.52859682
1.74436297
1.92973953
2.07864856
2.18501216
2.25186928
2.27921991
2.26098615
2.20020696
2.09688232
1.95405121
1.77779153
1.56506434
1.32498651
1.05755804
0.77189581
0.47103878
0.16410383
-0.14890903
-0.45888294
-0.75670101
-1.04236324
-1.30979171
-1.54986954
-1.76259673
-1.94189537
-2.08472648
-2.18501216
-2.24883032
-2.26706407
-2.24275240
-2.17589528
-2.06953168
-1.92366161
-1.74132401
-1.52859682
-1.28548003
-1.01805156
-0.72935037
-0.43153230
-0.12155840
0.18841551
0.49535046
0.79316853
1.07275284
1.33714235
1.57114226
1.77779153
1.95101225
2.08776544
2.18501216
2.23971344
2.25490824
2.22451864
2.15462256
2.04218104
1.89327201
1.70789546
1.48909034
1.24293459
0.97550612
0.68984389
0.38898687
0.08205192
-0.22792199
-0.53181798
-0.82659709
-1.10314244
-1.36145403
-1.59241498
-1.79602529
-1.96316809
-2.09384336
-2.18501216
-2.23363552
-2.24275240
-2.20628488
-2.13031088
-2.01483040
-1.86288241
-1.67142794
-1.45262283
-1.20342811
-0.93296068
-0.64729846
-0.34644143
-0.03950648
0.26742847
0.56828550
0.86002565
1.13353204
1.38576571
1.61368770
1.80818113
1.97228497
2.09688232
2.18197320
2.22755760
2.22755760
2.18805112
2.10903816
1.98747977
1.82945385
1.63799938
1.41311635
1.16392164
0.89345421
0.60475302
0.30693495
0.00000000
-0.30389599
-0.60475302
-0.89041525
-1.16088268
-1.41007739
-1.63192146
-1.82337593
-1.98140185
-2.09992128
-2.17893424
-2.21844072
-2.21540176
-2.16981736
-2.08472648
-1.96012913
-1.79602529
-1.60153186
-1.37664883
-1.12441516
-0.85090877
-0.56220758
-0.26438951
0.03950648
0.34340247
0.63818158
0.92384381
1.18823332
1.43438907
1.65015522
1.83553177
1.98747977
2.09992128
2.17589528
2.20932384
2.20020696
2.14854464
2.06041480
1.92973953
1.76563569
1.56506434
1.33714235
1.08490868
0.81140229
0.52270110
0.22488303
-0.07901296
-0.37986999
-0.67161013
-0.95423340
-1.21558395
-1.45566179
-1.66838898
-1.84768761
-1.99355768
-2.10296024
-2.16981736
-2.20020696
-2.18501216
-2.13031088
-2.03610312
-1.90238889
-1.73220713
-1.53163578
-1.30067483
-1.04540220
-0.77189581
-0.48319462
-0.18537655
0.11851944
0.41633750
0.70807765
0.98462300
1.24293459
1.47693450
1.68662274
1.85984345
1.99963560
2.10296024
2.16677840
2.18805112
2.16981736
2.10903816
2.00875248
1.87199929
1.69877858
1.49516826
1.26116835
1.00589572
0.72935037
0.44064918
0.14283111
-0.15498695
-0.45280502
-0.74150621
-1.01501260
-1.26724627
-1.49820722
-1.70181754
-1.87199929
-2.00571352
-2.10296024
-2.16070048
-2.17589528
-2.15158360
-2.08776544
-1.98444081
-1.84160969
-1.66535002
-1.45870075
-1.22166187
-0.96638924
-0.68984389
-0.40114270
-0.10332464
0.19449343
0.48927254
0.77189581
1.04236324
1.29459691
1.51947994
1.71701234
1.88111617
2.01179144
2.10296024
2.15462256
2.16677840
2.13638880
2.06649272
1.95709017
1.81122009
1.63192146
1.42223323
1.18519436
0.92688277
0.65033742
0.36163623
0.06381816
-0.23096095
-0.52270110
-0.80532437
-1.07275284
-1.31890859
-1.53771370
-1.73220713
-1.89023305
-2.01483040
-2.09992128
-2.14854464
-2.15158360
-2.11815504
-2.04218104
-1.92973953
-1.78083049
-1.59849290
-1.38576571
-1.14568788
-0.88737629
-0.60779198
-0.32212975
-0.02735064
0.26742847
0.55612966
0.83571397
1.10010348
1.34018131
1.55898642
1.74436297
1.89934993
2.01786936
2.09992128
2.13942776
2.13942776
2.09992128
2.02090832
1.90238889
1.75044089
1.56506434
1.34929819
1.10922036
0.84786981
0.56828550
0.28262327
-0.01215584
-0.30389599
-0.59259718
-0.86610357
-1.12745412
-1.36449299
-1.57722018
-1.75955777
-1.90846681
-2.02090832
-2.09688232
-2.13031088
-2.12727192
-2.08168752
-1.99659664
-1.87503825
-1.72005130
-1.52859682
-1.31283067
-1.06971388
-0.80836333
-0.52877902
-0.24311679
0.04862336
0.34036351
0.62602574
0.89649317
1.15176580
1.38576571
1.59241498
1.77171361
1.91454473
2.02090832
2.09080440
2.12119400
2.11207712
2.06345376
1.97532393
1.84768761
1.68662274
1.49516826
1.27636315
1.03020740
0.76885685
0.48927254
0.20361031
-0.08812984
-0.37683103
-0.65945430
-0.92688277
-1.17911644
-1.40703843
-1.61064874
-1.78386945
-1.92062265
-2.02394728
-2.08776544
-2.11207712
-2.09688232
-2.04218104
-1.95101225
-1.82033697
-1.65623314
-1.46173970
-1.23989563
-0.99373988
-0.72935037
-0.44976606
-0.16410383
0.12459736
0.41025958
0.68984389
0.95727236
1.20342811
1.42831115
1.62584354
1.79298633
1.92670057
2.02394728
2.08168752
2.10296024
2.08168752
2.02394728
1.92366161
1.78994737
1.62280458
1.42527219
1.20038915
0.95423340
0.68984389
0.41025958
0.12459736
-0.16106487
-0.44672710
-0.72327245
-0.98462300
-1.22773979
-1.44958387
-1.64103834
-1.80514217
-1.93277849
-2.02394728
-2.07560960
-2.09080440
-2.06649272
-2.00267456
-1.89934993
-1.76259673
-1.59241498
-1.39184363
-1.16392164
-0.91776589
-0.65033742
-0.37379207
-0.08812984
0.19753239
0.48015566
0.75366205
1.01197364
1.25205147
1.46781762
1.65623314
1.81425905
1.93581745
2.02090832
2.06953168
2.07864856
2.04825896
1.98140185
1.87503825
1.73220713
1.55898642
1.35537611
1.12745412
0.87825941
0.61083094
0.33428559
0.05166232
-0.23399991
-0.51358422
-0.78405165
-1.03932428
-1.27636315
-1.48605138
-1.67142794
-1.82337593
-1.93885641
-2.02090832
-2.06345376
-2.06649272
-2.03306416
-1.96012913
-1.84768761
-1.70485650
-1.52555786
-1.32194755
-1.09098660
-0.83875293
-0.57436342
-0.29477911
-0.01215584
0.27046743
0.54701278
0.81444125
1.06667492
1.29763587
1.50428514
1.68358378
1.82945385
1.94189537
2.01786936
2.05737584
2.05433688
2.01483040
1.93581745
1.82337593
1.67446690
1.49516826
1.28548003
1.05451908
0.80228541
0.53485694
0.25831159
-0.02431168
-0.30389599
-0.58044134
-0.84483085
-1.09098660
-1.31890859
-1.52251890
-1.69573962
-1.83857073
-1.94493433
-2.01483040
-2.04825896
-2.04218104
-1.99659664
-1.91454473
-1.79602529
-1.64407730
-1.46173970
-1.25205147
-1.01805156
-0.76277893
-0.49838942
-0.22184407
0.06077920
0.34036351
0.61083094
0.87218149
1.11833724
1.34018131
1.53771370
1.70789546
1.84464865
1.94493433
2.01179144
2.03914208
2.02698624
1.97836289
1.89023305
1.76867465
1.61368770
1.42831115
1.21558395
0.98158404
0.72631141
0.45888294
0.18233759
-0.09724672
-0.37379207
-0.64425950
-0.90257109
-1.14264892
-1.36145403
-1.55594746
-1.72005130
-1.85072657
-1.94797329
-2.00571352
-2.03002520
-2.01179144
-1.96012913
-1.86896033
-1.74132401
-1.58329810
-1.39488259
-1.17911644
-0.94207756
-0.68984389
-0.42241542
-0.14587007
0.13067528
0.40722062
0.67464909
0.92992172
1.16696060
1.37968779
1.57114226
1.72916817
1.85680449
1.94797329
2.00267456
2.01786936
1.99963560
1.93885641
1.84464865
1.71397338
1.55290850
1.36145403
1.14568788
0.90561005
0.65033742
0.38290895
0.10940256
-0.16714279
-0.44064918
-0.70503869
-0.95727236
-1.18823332
-1.40096051
-1.58329810
-1.73828505
-1.85984345
-1.94797329
-1.99659664
-2.00875248
-1.98140185
-1.92062265
-1.82033697
-1.68662274
-1.52251890
-1.32802547
-1.10922036
-0.86914253
-0.61386990
-0.34644143
-0.07293504
0.20057135
0.47407774
0.73542829
0.98158404
1.21254499
1.41919427
1.59849290
1.74740193
1.86288241
1.94493433
1.99051872
1.99659664
1.96620705
1.89934993
1.79602529
1.65927210
1.48909034
1.29459691
1.07275284
0.83267501
0.57740238
0.30997391
0.03646752
-0.23703887
-0.50446734
-0.76277893
-1.00893468
-1.23381771
-1.43742803
-1.61064874
-1.75651881
-1.86592137
-1.94493433
-1.98444081
-1.98444081
-1.95101225
-1.87807721
-1.77171361
-1.62888250
-1.45870075
-1.26116835
-1.03932428
-0.79620749
-0.54093486
-0.27350639
-0.00000000
0.27046743
0.53789590
0.79316853
1.03324636
1.25509043
1.45262283
1.62280458
1.76259673
1.86896033
1.94189537
1.97532393
1.97228497
1.93277849
1.85680449
1.74436297
1.60153186
1.42831115
1.22773979
1.00285676
0.75973997
0.50142838
0.23703887
-0.03342856
-0.30389599
-0.56828550
-0.82051917
-1.05755804
-1.27636315
-1.47085658
-1.63496042
-1.77171361
-1.87199929
-1.93885641
-1.96620705
-1.96012913
-1.91454473
-1.83553177
-1.72005130
-1.57114226
-1.39488259
-1.19127228
-0.96638924
-0.72327245
-0.46496086
-0.20057135
0.06989608
0.33732455
0.59867510
0.84786981
1.08186972
1.29763587
1.48605138
1.64711626
1.77779153
1.87199929
1.93277849
1.96012913
1.94493433
1.89631097
1.81122009
1.69270066
1.54379162
1.36449299
1.15784372
0.92992172
0.68680493
0.42849334
0.16410383
-0.10332464
-0.37075311
-0.62906470
-0.87522045
-1.10618140
-1.31586963
-1.50124618
-1.65623314
-1.78083049
-1.87503825
-1.92973953
-1.94797329
-1.93277849
-1.87807721
-1.78994737
-1.66838898
-1.51340202
-1.33106443
-1.12441516
-0.89649317
-0.65033742
-0.39202583
-0.12763632
0.13675319
0.40114270
0.65945430
0.90257109
1.13049308
1.33410339
1.51644098
1.66535002
1.78690841
1.87199929
1.92366161
1.93885641
1.91758369
1.85984345
1.76563569
1.64103834
1.48301242
1.30067483
1.09098660
0.86002565
0.61386990
0.35859727
0.09420776
-0.17322071
-0.43457126
-0.68680493
-0.92992172
-1.15176580
-1.35233715
-1.52859682
-1.67446690
-1.78994737
-1.87199929
-1.91758369
-1.92973953
-1.90238889
-1.84160969
-1.74436297
-1.61368770
-1.45566179
-1.26724627
-1.05451908
-0.82355813
-0.57740238
-0.32212975
-0.05774024
0.20664927
0.46496086
0.71719453
0.95423340
1.17303852
1.37057091
1.54075266
1.68358378
1.79602529
1.87199929
1.91150577
1.91758369
1.88719409
1.82033697
1.72005130
1.58633706
1.42527219
1.23381771
1.02109052
0.79012957
0.54397382
0.28566223
0.02431168
-0.23703887
-0.49535046
-0.74454517
-0.97854508
-1.19431123
-1.38880467
-1.55594746
-1.69270066
-1.79906425
-1.86896033
-1.90542785
-1.90542785
-1.87199929
-1.79906425
-1.69573962
-1.55898642
-1.39488259
-1.20342811
-0.98766196
-0.75366205
-0.50750630
-0.25223367
0.00911688
0.27046743
0.52574006
0.77189581
1.00285676
1.21558395
1.40399947
1.56506434
1.69877858
1.79906425
1.86592137
1.89934993
1.89327201
1.85376553
1.78083049
1.67142794
1.53163578
1.36449299
1.16999956
0.95423340
0.72023349
0.47103878
0.21576615
-0.04254544
-0.30389599
-0.55612966
-0.79924645
-1.02716844
-1.23381771
-1.41919427
-1.57722018
-1.70485650
-1.80210321
-1.86288241
-1.89023305
-1.88111617
-1.83857073
-1.75955777
-1.64711626
-1.50428514
-1.33410339
-1.13657100
-0.91776589
-0.68376597
-0.43761022
-0.18233759
0.07901296
0.33428559
0.58651926
0.82659709
1.04844116
1.25509043
1.43438907
1.58633706
1.71093442
1.80210321
1.85984345
1.88111617
1.86896033
1.82033697
1.73828505
1.62280458
1.47693450
1.30067483
1.10314244
0.88433733
0.65033742
0.40114270
0.14587007
-0.10940256
-0.36467519
-0.61386990
-0.85090877
-1.07275284
-1.27332419
-1.44958387
-1.59849290
-1.71701234
-1.80210321
-1.85376553
-1.87199929
-1.85376553
-1.80210321
-1.71397338
-1.59545394
-1.44654491
-1.27028523
-1.06971388
-0.85090877
-0.61386990
-0.36771415
-0.11244152
0.14283111
0.39810374
0.64425950
0.87825941
1.09402556
1.29155795
1.46173970
1.60760978
1.72005130
1.80210321
1.85072657
1.86288241
1.84160969
1.78386945
1.69270066
1.57114226
1.41919427
1.23989563
1.03932428
0.81748021
0.58044134
0.33124663
0.07901296
-0.17625967
-0.42849334
-0.67161013
-0.90257109
-1.11529828
-1.30675275
-1.47389554
-1.61672666
-1.72612921
-1.80210321
-1.84464865
-1.85376553
-1.82641489
-1.76563569
-1.67142794
-1.54379162
-1.38880467
-1.20950603
-1.00589572
-0.78405165
-0.54701278
-0.29781807
-0.04558440
0.20664927
0.45888294
0.69896077
0.92688277
1.13657100
1.32498651
1.48909034
1.62280458
1.72916817
1.79906425
1.83857073
1.84160969
1.81122009
1.74436297
1.64711626
1.51947994
1.36145403
1.17607748
0.97246716
0.74758413
0.51054526
0.26438951
0.01215584
-0.24007783
-0.48623358
-0.72631141
-0.94815548
-1.15480476
-1.34018131
-1.49820722
-1.62888250
-1.72916817
-1.79906425
-1.83249281
-1.82945385
-1.79602529
-1.72612921
-1.62280458
-1.49212930
-1.33106443
-1.14568788
-0.93903860
-0.71415557
-0.47711670
-0.23096095
0.02127272
0.27046743
0.51662318
0.75062309
0.97246716
1.17607748
1.35537611
1.51036306
1.63799938
1.73220713
1.79602529
1.82337593
1.81729801
1.77779153
1.70485650
1.60153186
1.46477866
1.30067483
1.11529828
0.90561005
0.68072701
0.44368814
0.19753239
-0.05166232
-0.30085703
-0.54397382
-0.77797373
-0.99373988
-1.19431123
-1.37057091
-1.52251890
-1.64407730
-1.73220713
-1.79298633
-1.81729801
-1.80514217
-1.76259673
-1.68662274
-1.57722018
-1.43742803
-1.27332419
-1.08186972
-0.87218149
-0.64729846
-0.41025958
-0.16410383
0.08509088
0.33124663
0.57132446
0.80228541
1.01805156
1.21254499
1.38576571
1.53163578
1.64711626
1.73524609
1.78690841
1.80818113
1.79298633
1.74436297
1.66535002
1.55290850
1.41007739
1.24293459
1.05148012
0.84179189
0.61386990
0.37683103
0.13067528
-0.11548048
-0.36163623
-0.60171406
-0.82659709
-1.03932428
-1.23077875
-1.39792155
-1.54075266
-1.65319418
-1.73524609
-1.78386945
-1.79906425
-1.78083049
-1.72916817
-1.64407730
-1.52859682
-1.38272675
-1.21254499
-1.02109052
-0.80836333
-0.58044134
-0.34340247
-0.09724672
0.14890903
0.39202583
0.62906470
0.85090877
1.06059700
1.24597355
1.41007739
1.54986954
1.65623314
1.73524609
1.77779153
1.78994737
1.76563569
1.71093442
1.62280458
1.50428514
1.35537611
1.18215540
0.98766196
0.77493477
0.54701278
0.30997391
0.06685712
-0.17929863
-0.41937646
-0.65337638
-0.87522045
-1.07883076
-1.26420731
-1.42223323
-1.55594746
-1.65927210
-1.73220713
-1.77171361
-1.77779153
-1.75347985
-1.69270066
-1.59849290
-1.47693450
-1.32802547
-1.15176580
-0.95727236
-0.74150621
-0.51358422
-0.27654535
-0.03342856
0.20968823
0.44976606
0.68072701
0.89953213
1.10010348
1.27940211
1.43438907
1.56506434
1.66231106
1.73220713
1.76563569
1.76867465
1.73828505
1.67446690
1.57722018
1.45262283
1.30067483
1.12441516
0.92384381
0.71111661
0.48015566
0.24311679
0.00000000
-0.24007783
-0.47711670
-0.70503869
-0.92080485
-1.11833724
-1.29459691
-1.44654491
-1.57114226
-1.66535002
-1.72916817
-1.75955777
-1.75651881
-1.72309026
-1.65319418
-1.55594746
-1.42831115
-1.27332419
-1.09402556
-0.89345421
-0.67768805
-0.44976606
-0.20968823
0.03038960
0.27046743
0.50446734
0.73238933
0.94207756
1.13657100
1.30979171
1.45566179
1.57722018
1.66838898
1.72612921
1.75347985
1.74740193
1.70789546
1.63496042
1.53163578
1.40096051
1.24293459
1.06363596
0.86306461
0.64425950
0.41633750
0.17929863
-0.06077920
-0.30085703
-0.53181798
-0.75670101
-0.96335028
-1.15480476
-1.32194755
-1.46781762
-1.58329810
-1.66838898
-1.72309026
-1.74436297
-1.73524609
-1.68966170
-1.61368770
-1.51036306
-1.37360987
-1.21558395
-1.03324636
-0.82963605
-0.61386990
-0.38290895
-0.14587007
0.09116880
0.32820767
0.55916862
0.78101269
0.98462300
1.17303852
1.33714235
1.47693450
1.58633706
1.66838898
1.72005130
1.73524609
1.72005130
1.67446690
1.59545394
1.48605138
1.34929819
1.18519436
1.00285676
0.79924645
0.58044134
0.34948039
0.11548048
-0.12155840
-0.35859727
-0.58651926
-0.80228541
-1.00589572
-1.18823332
-1.34929819
-1.48605138
-1.59241498
-1.66838898
-1.71397338
-1.72916817
-1.70789546
-1.65623314
-1.57418122
-1.46173970
-1.32194755
-1.15784372
-0.97246716
-0.76581789
-0.54701278
-0.31909079
-0.08509088
0.15194799
0.38594791
0.61083094
0.82659709
1.02412948
1.20646707
1.36145403
1.49212930
1.59545394
1.66838898
1.70789546
1.71701234
1.69573962
1.64103834
1.55290850
1.43742803
1.29459691
1.13049308
0.94207756
0.73542829
0.51662318
0.28566223
0.05166232
-0.18233759
-0.41329854
-0.63818158
-0.85090877
-1.04540220
-1.22166187
-1.37360987
-1.50124618
-1.59849290
-1.66838898
-1.70485650
-1.70789546
-1.68054482
-1.62280458
-1.53163578
-1.41311635
-1.27028523
-1.10010348
-0.91168797
-0.70503869
-0.48319462
-0.25527263
-0.02127272
0.21272719
0.44064918
0.66249326
0.87218149
1.06363596
1.23685667
1.38576571
1.50732410
1.60153186
1.66535002
1.69877858
1.69877858
1.66535002
1.60457082
1.51036306
1.38880467
1.24293459
1.06971388
0.88129837
0.67161013
0.45280502
0.22488303
-0.00911688
-0.24007783
-0.46799982
-0.68680493
-0.89345421
-1.08186972
-1.24901251
-1.39488259
-1.51340202
-1.60457082
-1.66231106
-1.68966170
-1.68662274
-1.65319418
-1.58633706
-1.48909034
-1.36449299
-1.21558395
-1.04236324
-0.85090877
-0.64122054
-0.42241542
-0.19145447
0.03950648
0.27046743
0.49535046
0.71111661
0.91472693
1.10010348
1.26420731
1.40399947
1.51947994
1.60457082
1.65927210
1.68358378
1.67750586
1.63799938
1.56810330
1.46781762
1.34018131
1.18823332
1.01197364
0.82051917
0.61083094
0.38898687
0.16106487
-0.06989608
-0.29781807
-0.52270110
-0.73542829
-0.93599964
-1.11529828
-1.27636315
-1.41311635
-1.52555786
-1.60457082
-1.65623314
-1.67750586
-1.66535002
-1.61976562
-1.54683058
-1.44350595
-1.31586963
-1.16088268
-0.98462300
-0.79012957
-0.58044134
-0.35859727
-0.13067528
0.09724672
0.32516871
0.54701278
0.75670101
0.95423340
1.13353204
1.29155795
1.42223323
1.52859682
1.60457082
1.65319418
1.66838898
1.65319418
1.60457082
1.52859682
1.42223323
1.28851899
1.13353204
0.95423340
0.75973997
0.54701278
0.32820767
0.10028568
-0.12763632
-0.35251935
-0.57132446
-0.78101269
-0.97550612
-1.14872684
-1.30371379
-1.43135011
-1.53163578
-1.60457082
-1.64711626
-1.65927210
-1.64103834
-1.58937602
-1.50732410
-1.39792155
-1.26420731
-1.10618140
-0.92384381
-0.72935037
-0.51662318
-0.29781807
-0.06989608
0.15498695
0.37986999
0.59867510
0.80228541
0.99373988
1.16392164
1.31283067
1.43742803
1.53467474
1.60457082
1.64407730
1.65015522
1.62584354
1.57114226
1.48909034
1.37664883
1.23685667
1.07579180
0.89649317
0.69896077
0.48623358
0.26742847
0.04254544
-0.18537655
-0.40722062
-0.62298678
-0.82355813
-1.01197364
-1.17911644
-1.32498651
-1.44654491
-1.53771370
-1.60457082
-1.63799938
-1.64103834
-1.61368770
-1.55594746
-1.46781762
-1.35233715
-1.21254499
-1.04844116
-0.86610357
-0.66857117
-0.45584398
-0.23703887
-0.01215584
0.21272719
0.43457126
0.64425950
0.84483085
1.03020740
1.19431123
1.33410339
1.45262283
1.54075266
1.60153186
1.63192146
1.63192146
1.59849290
1.53771370
1.44654491
1.32802547
1.18519436
1.02109052
0.83571397
0.63818158
0.42545438
0.20664927
-0.01823376
-0.24007783
-0.45888294
-0.66857117
-0.86610357
-1.04540220
-1.20646707
-1.34625923
-1.45870075
-1.54379162
-1.59849290
-1.62584354
-1.61976562
-1.58329810
-1.51947994
-1.42527219
-1.30675275
-1.16088268
-0.99373988
-0.80836333
-0.60779198
-0.39506479
-0.17625967
0.04558440
0.26742847
0.48623358
0.69288285
0.88737629
1.06363596
1.22166187
1.35537611
1.46477866
1.54379162
1.59545394
1.61672666
1.60760978
1.57114226
1.50124618
1.40399947
1.28244107
1.13353204
0.96638924
0.77797373
0.57740238
0.36467519
0.14587007
-0.07597400
-0.29477911
-0.51054526
-0.71415557
-0.90561005
-1.07883076
-1.23381771
-1.36449299
-1.46781762
-1.54379162
-1.59241498
-1.61064874
-1.59849290
-1.55594746
-1.48301242
-1.38272675
-1.25812939
-1.10618140
-0.93599964
-0.75062309
-0.54701278
-0.33428559
-0.11548048
0.10332464
0.32212975
0.53485694
0.73542829
0.92384381
1.09402556
1.24597355
1.37057091
1.47085658
1.54379162
1.58937602
1.60153186
1.58633706
1.54075266
1.46477866
1.36145403
1.23381771
1.08186972
0.90864901
0.72023349
0.51662318
0.30693495
0.08812984
-0.13067528
-0.34948039
-0.55916862
-0.75670101
-0.94207756
-1.10922036
-1.25812939
-1.37968779
-1.47693450
-1.54379162
-1.58329810
-1.59241498
-1.57418122
-1.52251890
-1.44350595
-1.34018131
-1.20950603
-1.05451908
-0.88129837
-0.68984389
-0.48927254
-0.27654535
-0.05774024
0.15802591
0.37379207
0.58348030
0.77797373
0.96031132
1.12441516
1.26724627
1.38576571
1.47997346
1.54379162
1.58025914
1.58633706
1.56202538
1.50732410
1.42527219
1.31586963
1.18215540
1.02716844
0.85394773
0.66249326
0.45888294
0.24615575
0.03038960
-0.18537655
-0.40114270
-0.60475302
-0.79924645
-0.97854508
-1.13960996
-1.27940211
-1.39184363
-1.48301242
-1.54075266
-1.57418122
-1.57418122
-1.54683058
-1.49212930
-1.40703843
-1.29459691
-1.15784372
-0.99981780
-0.82355813
-0.63210366
-0.42849334
-0.21880511
-0.00303896
0.21272719
0.42545438
0.62906470
0.82051917
0.99677884
1.15176580
1.28851899
1.39792155
1.48301242
1.54075266
1.56810330
1.56506434
1.53467474
1.47389554
1.38576571
1.27028523
1.13353204
0.97246716
0.79620749
0.60475302
0.40114270
0.18841551
-0.02735064
-0.24007783
-0.44976606
-0.65033742
-0.83875293
-1.01197364
-1.16696060
-1.29763587
-1.40399947
-1.48605138
-1.53771370
-1.56202538
-1.55594746
-1.51947994
-1.45566179
-1.36449299
-1.24901251
-1.10922036
-0.94815548
-0.76885685
-0.57436342
-0.37075311
-0.16106487
0.05470128
0.26742847
0.47407774
0.67161013
0.86002565
1.02716844
1.17911644
1.30675275
1.41007739
1.48605138
1.53467474
1.55290850
1.54379162
1.50732410
1.43742803
1.34322027
1.22470083
1.08186972
0.92080485
0.73846725
0.54701278
0.34036351
0.13067528
-0.08205192
-0.29174015
-0.49838942
-0.69592181
-0.87825941
-1.04236324
-1.19127228
-1.31586963
-1.41311635
-1.48605138
-1.53163578
-1.54683058
-1.53467474
-1.49212930
-1.42223323
-1.32498651
-1.20038915
-1.05755804
-0.89345421
-0.71111661
-0.51662318
-0.31301287
-0.10332464
0.10940256
0.31909079
0.52270110
0.71415557
0.89649317
1.05755804
1.20038915
1.32194755
1.41919427
1.48605138
1.52859682
1.53771370
1.52251890
1.47693450
1.40399947
1.30371379
1.17911644
1.03020740
0.86610357
0.68376597
0.48927254
0.28566223
0.07597400
-0.13675319
-0.34340247
-0.54397382
-0.73542829
-0.91472693
-1.07275284
-1.21254499
-1.32802547
-1.42223323
-1.48605138
-1.52251890
-1.53163578
-1.51036306
-1.46173970
-1.38272675
-1.28244107
-1.15480476
-1.00589572
-0.83875293
-0.65641534
-0.45888294
-0.25527263
-0.04862336
0.16106487
0.36771415
0.56828550
0.75670101
0.92992172
1.08794764
1.22470083
1.33714235
1.42527219
1.48605138
1.51644098
1.52251890
1.49820722
1.44654491
1.36449299
1.26116835
1.13049308
0.98158404
0.81140229
0.62602574
0.43153230
0.22792199
0.02127272
-0.18841551
-0.39202583
-0.58955822
-0.77493477
-0.94815548
-1.10010348
-1.23381771
-1.34322027
-1.42527219
-1.48301242
-1.51340202
-1.51340202
-1.48605138
-1.42831115
-1.34625923
-1.23685667
-1.10618140
-0.95423340
-0.78405165
-0.59867510
-0.40418166
-0.20057135
0.00607792
0.21272719
0.41633750
0.61083094
0.79620749
0.96335028
1.11225932
1.24293459
1.34929819
1.42831115
1.47997346
1.50732410
1.50428514
1.47085658
1.41311635
1.32802547
1.21558395
1.08186972
0.92992172
0.75670101
0.57132446
0.37683103
0.17322071
-0.03342856
-0.24007783
-0.44064918
-0.63210366
-0.81444125
-0.97854508
-1.12441516
-1.25205147
-1.35233715
-1.42831115
-1.47997346
-1.50124618
-1.49212930
-1.45870075
-1.39488259
-1.30675275
-1.19431123
-1.05755804
-0.90257109
-0.72935037
-0.54397382
-0.34644143
-0.14587007
0.06077920
0.26438951
0.46496086
0.65337638
0.83267501
0.99373988
1.13657100
1.25812939
1.35841507
1.43135011
1.47693450
1.49212930
1.48301242
1.44350595
1.37968779
1.28851899
1.17303852
1.03324636
0.87522045
0.70199973
0.51662318
0.31909079
0.11851944
-0.08812984
-0.28870119
-0.48623358
-0.67464909
-0.85090877
-1.00893468
-1.14872684
-1.26724627
-1.36145403
-1.43135011
-1.47085658
-1.48605138
-1.47085658
-1.43135011
-1.36145403
-1.26724627
-1.14872684
-1.00893468
-0.85090877
-0.67464909
-0.48927254
-0.29174015
-0.09116880
0.11244152
0.31301287
0.51054526
0.69592181
0.86610357
1.02412948
1.16088268
1.27332419
1.36449299
1.43135011
1.46781762
1.47693450
1.46173970
1.41615531
1.34322027
1.24597355
1.12745412
0.98462300
0.82355813
0.65033742
0.46192190
0.26438951
0.06381816
-0.13979215
-0.33732455
-0.53181798
-0.71415557
-0.88433733
-1.03628532
-1.16999956
-1.28244107
-1.36753195
-1.42831115
-1.46477866
-1.47085658
-1.44958387
-1.40096051
-1.32498651
-1.22470083
-1.10314244
-0.96031132
-0.79924645
-0.62298678
-0.43457126
-0.23703887
-0.03646752
0.16410383
0.36163623
0.55309070
0.73542829
0.89953213
1.05148012
1.17911644
1.28851899
1.37057091
1.42831115
1.45870075
1.46173970
1.43742803
1.38576571
1.30675275
1.20646707
1.08186972
0.93599964
0.77189581
0.59563614
0.40722062
0.20968823
0.01215584
-0.18841551
-0.38594791
-0.57436342
-0.75366205
-0.91776589
-1.06363596
-1.18823332
-1.29459691
-1.37360987
-1.42527219
-1.45262283
-1.45262283
-1.42527219
-1.37057091
-1.28851899
-1.18519436
-1.05755804
-0.91168797
-0.74758413
-0.56828550
-0.37986999
-0.18233759
0.01519480
0.21272719
0.41025958
0.59563614
0.77189581
0.93296068
1.07579180
1.19735019
1.29763587
1.37360987
1.42527219
1.44654491
1.44350595
1.41311635
1.35537611
1.27028523
1.16392164
1.03324636
0.88433733
0.72023349
0.54093486
0.35251935
0.15802591
-0.04254544
-0.24007783
-0.43153230
-0.61690886
-0.79012957
-0.94815548
-1.08794764
-1.20646707
-1.30371379
-1.37664883
-1.42223323
-1.44046699
-1.43438907
-1.39792155
-1.33714235
-1.25205147
-1.14264892
-1.01197364
-0.86002565
-0.69288285
-0.51358422
-0.32516871
-0.13067528
0.06685712
0.26135055
0.45280502
0.63514262
0.80532437
0.96031132
1.09706452
1.21558395
1.30675275
1.37664883
1.41919427
1.43438907
1.42223323
1.38576571
1.32194755
1.23077875
1.12137620
0.98766196
0.83571397
0.66857117
0.48927254
0.29781807
0.10332464
-0.09116880
-0.28566223
-0.47711670
-0.65641534
-0.82355813
-0.97550612
-1.10922036
-1.22166187
-1.31283067
-1.37664883
-1.41615531
-1.42831115
-1.41311635
-1.37057091
-1.30371379
-1.21254499
-1.09706452
-0.96335028
-0.81140229
-0.64122054
-0.46192190
-0.27350639
-0.07901296
0.11548048
0.30997391
0.49838942
0.67464909
0.83875293
0.98766196
1.11833724
1.22773979
1.31586963
1.37664883
1.41007739
1.41919427
1.40096051
1.35841507
1.28851899
1.19431123
1.07579180
0.93903860
0.78405165
0.61690886
0.43457126
0.24615575
0.05166232
-0.14283111
-0.33428559
-0.51966214
-0.69288285
-0.85698669
-1.00285676
-1.13049308
-1.23381771
-1.31890859
-1.37360987
-1.40703843
-1.41311635
-1.39184363
-1.34322027
-1.27028523
-1.17303852
-1.05451908
-0.91472693
-0.75973997
-0.58955822
-0.41025958
-0.21880511
-0.02735064
0.16714279
0.35555831
0.53789590
0.71111661
0.87218149
1.01501260
1.13960996
1.23989563
1.31890859
1.37360987
1.40096051
1.40399947
1.37968779
1.32802547
1.25205147
1.15176580
1.03324636
0.89041525
0.73542829
0.56524654
0.38290895
0.19449343
0.00303896
-0.19145447
-0.37986999
-0.55916862
-0.72935037
-0.88737629
-1.02716844
-1.14872684
-1.24597355
-1.32194755
-1.37057091
-1.39792155
-1.39488259
-1.36753195
-1.31283067
-1.23381771
-1.13353204
-1.00893468
-0.86914253
-0.71111661
-0.53789590
-0.35555831
-0.16714279
0.02431168
0.21272719
0.40114270
0.58044134
0.74758413
0.90257109
1.03932428
1.15480476
1.25205147
1.32194755
1.37057091
1.39184363
1.38576571
1.35537611
1.29763587
1.21558395
1.11225932
0.98766196
0.84483085
0.68376597
0.51358422
0.33124663
0.14283111
-0.04862336
-0.23703887
-0.42241542
-0.59867510
-0.76581789
-0.91472693
-1.04844116
-1.16392164
-1.25509043
-1.32498651
-1.36753195
-1.38576571
-1.37664883
-1.34018131
-1.28244107
-1.19735019
-1.09098660
-0.96335028
-0.82051917
-0.65945430
-0.48623358
-0.30389599
-0.11851944
0.07293504
0.26135055
0.44368814
0.61690886
0.78101269
0.92992172
1.06059700
1.16999956
1.25812939
1.32498651
1.36449299
1.37664883
1.36753195
1.32802547
1.26724627
1.17911644
1.06971388
0.94207756
0.79620749
0.63514262
0.46192190
0.27958431
0.09116880
-0.09724672
-0.28262327
-0.46496086
-0.63818158
-0.79620749
-0.94207756
-1.06971388
-1.17911644
-1.26420731
-1.32498651
-1.36145403
-1.37057091
-1.35537611
-1.31586963
-1.24901251
-1.16088268
-1.04844116
-0.92080485
-0.77189581
-0.61083094
-0.43457126
-0.25527263
-0.06685712
0.12155840
0.30693495
0.48623358
0.65641534
0.81444125
0.95727236
1.07883076
1.18519436
1.26724627
1.32498651
1.35537611
1.36449299
1.34625923
1.30067483
1.23381771
1.14264892
1.03020740
0.89649317
0.74758413
0.58348030
0.41025958
0.22792199
0.04254544
-0.14283111
-0.32820767
-0.50446734
-0.67464909
-0.82963605
-0.96942820
-1.08794764
-1.19127228
-1.26724627
-1.32194755
-1.35233715
-1.35537611
-1.33410339
-1.28851899
-1.21558395
-1.12137620
-1.00893468
-0.87218149
-0.72327245
-0.55916862
-0.38594791
-0.20361031
-0.01823376
0.16714279
0.34948039
0.52574006
0.68984389
0.84483085
0.98158404
1.09706452
1.19431123
1.27028523
1.32194755
1.34625923
1.34625923
1.32194755
1.27332419
1.20038915
1.10314244
0.98462300
0.85090877
0.69896077
0.53485694
0.35859727
0.17929863
-0.00607792
-0.19145447
-0.37075311
-0.54397382
-0.70807765
-0.85698669
-0.99070092
-1.10618140
-1.20038915
-1.27332419
-1.31890859
-1.34322027
-1.34018131
-1.30979171
-1.25812939
-1.18215540
-1.08490868
-0.96335028
-0.82659709
-0.67464909
-0.51054526
-0.33428559
-0.15498695
0.03038960
0.21272719
0.39202583
0.56524654
0.72327245
0.87218149
1.00285676
1.11529828
1.20646707
1.27332419
1.31586963
1.33714235
1.33106443
1.29763587
1.24293459
1.16392164
1.06363596
0.94207756
0.80532437
0.65033742
0.48623358
0.30997391
0.13067528
-0.05470128
-0.23703887
-0.41329854
-0.58348030
-0.74150621
-0.88433733
-1.01197364
-1.12137620
-1.20950603
-1.27332419
-1.31586963
-1.33106443
-1.32194755
-1.28548003
-1.22773979
-1.14568788
-1.04236324
-0.92080485
-0.78101269
-0.62602574
-0.45888294
-0.28566223
-0.10636360
0.07597400
0.25831159
0.43457126
0.60171406
0.75670101
0.89953213
1.02412948
1.12745412
1.21254499
1.27332419
1.30979171
1.32498651
1.30979171
1.27332419
1.21254499
1.13049308
1.02412948
0.89953213
0.75670101
0.60171406
0.43457126
0.26135055
0.08205192
-0.10028568
-0.27958431
-0.45280502
-0.61994782
-0.77189581
-0.91168797
-1.03324636
-1.13657100
-1.21558395
-1.27332419
-1.30675275
-1.31586963
-1.30067483
-1.26116835
-1.19735019
-1.11225932
-1.00285676
-0.87825941
-0.73542829
-0.57740238
-0.41025958
-0.23703887
-0.05774024
0.12459736
0.30085703
0.47407774
0.63514262
0.78709061
0.92384381
1.04236324
1.14264892
1.21862291
1.27332419
1.30371379
1.30979171
1.29155795
1.24901251
1.18215540
1.09098660
0.98462300
0.85394773
0.71111661
0.55309070
0.38594791
0.21272719
0.03342856
-0.14587007
-0.32212975
-0.49231150
-0.65337638
-0.80228541
-0.93599964
-1.05148012
-1.14568788
-1.22166187
-1.27332419
-1.30067483
-1.30067483
-1.27940211
-1.23381771
-1.16392164
-1.07275284
-0.96335028
-0.83267501
-0.68680493
-0.53181798
-0.36163623
-0.18841551
-0.00911688
0.16714279
0.34340247
0.51054526
0.67161013
0.81748021
0.94815548
1.06059700
1.15176580
1.22166187
1.27028523
1.29459691
1.29459691
1.27028523
1.22166187
1.14872684
1.05451908
0.94207756
0.81140229
0.66553221
0.50750630
0.33732455
0.16410383
-0.01215584
-0.19145447
-0.36467519
-0.52877902
-0.68680493
-0.82963605
-0.95727236
-1.06667492
-1.15784372
-1.22470083
-1.27028523
-1.28851899
-1.28548003
-1.25812939
-1.20646707
-1.13049308
-1.03628532
-0.92080485
-0.79012957
-0.64122054
-0.48319462
-0.31301287
-0.13979215
0.03646752
0.21272719
0.38290895
0.54701278
0.70199973
0.84483085
0.96942820
1.07579180
1.16088268
1.22470083
1.26724627
1.28244107
1.27636315
1.24597355
1.19127228
1.11529828
1.01805156
0.89953213
0.76581789
0.61994782
0.45888294
0.29174015
0.11548048
-0.05774024
-0.23399991
-0.40418166
-0.56524654
-0.71719453
-0.85698669
-0.97854508
-1.08186972
-1.16392164
-1.22470083
-1.26420731
-1.27940211
-1.26724627
-1.23381771
-1.17607748
-1.09706452
-0.99677884
-0.87825941
-0.74454517
-0.59563614
-0.43457126
-0.26742847
-0.09420776
0.08205192
0.25527263
0.42241542
0.58348030
0.73238933
0.86914253
0.98766196
1.08794764
1.16696060
1.22470083
1.26116835
1.27028523
1.25812939
1.22166187
1.16088268
1.08186972
0.97854508
0.85698669
0.72327245
0.57132446
0.41025958
0.24311679
0.06989608
-0.10332464
-0.27654535
-0.44368814
-0.60171406
-0.74758413
-0.88129837
-0.99677884
-1.09402556
-1.16999956
-1.22470083
-1.25812939
-1.26420731
-1.24901251
-1.20950603
-1.14568788
-1.06363596
-0.96031132
-0.83875293
-0.69896077
-0.55005174
-0.38898687
-0.21880511
-0.04862336
0.12459736
0.29781807
0.46192190
0.61690886
0.76277893
0.89345421
1.00589572
1.10010348
1.17303852
1.22470083
1.25205147
1.25812939
1.23989563
1.19735019
1.13049308
1.04540220
0.93903860
0.81748021
0.67768805
0.52574006
0.36467519
0.19753239
0.02431168
-0.14890903
-0.31605183
-0.48015566
-0.63514262
-0.77493477
-0.90257109
-1.01501260
-1.10618140
-1.17607748
-1.22470083
-1.24901251
-1.24901251
-1.22773979
-1.18215540
-1.11529828
-1.02716844
-0.92080485
-0.79620749
-0.65337638
-0.50142838
-0.34036351
-0.17322071
-0.00303896
0.17018175
0.33732455
0.49838942
0.65033742
0.79012957
0.91472693
1.02109052
1.10922036
1.17607748
1.22166187
1.24293459
1.24293459
1.21862291
1.16999956
1.10010348
1.00893468
0.89953213
0.77493477
0.63210366
0.48015566
0.31909079
0.14890903
-0.02127272
-0.19145447
-0.35555831
-0.51662318
-0.66553221
-0.80228541
-0.92384381
-1.03020740
-1.11529828
-1.17911644
-1.21862291
-1.23989563
-1.23381771
-1.20646707
-1.15480476
-1.08490868
-0.99070092
-0.88129837
-0.75062309
-0.61083094
-0.45584398
-0.29477911
-0.12763632
0.04254544
0.20968823
0.37683103
0.53485694
0.68072701
0.81444125
0.93599964
1.03628532
1.11833724
1.17911644
1.21862291
1.23381771
1.22470083
1.19431123
1.14264892
1.06667492
0.97246716
0.86002565
0.72935037
0.58651926
0.43457126
0.27046743
0.10636360
-0.06381816
-0.23096095
-0.39506479
-0.55005174
-0.69592181
-0.82659709
-0.94511652
-1.04236324
-1.12137620
-1.17911644
-1.21558395
-1.22773979
-1.21558395
-1.18215540
-1.12745412
-1.05148012
-0.95423340
-0.83875293
-0.70807765
-0.56524654
-0.41025958
-0.24919471
-0.08205192
0.08509088
0.25223367
0.41329854
0.56828550
0.71111661
0.83875293
0.95423340
1.04844116
1.12441516
1.17911644
1.21254499
1.22166187
1.20646707
1.17303852
1.11225932
1.03324636
0.93599964
0.82051917
0.68680493
0.54397382
0.38898687
0.22792199
0.06077920
-0.10636360
-0.27046743
-0.43153230
-0.58348030
-0.72327245
-0.85090877
-0.96335028
-1.05451908
-1.12745412
-1.17911644
-1.20950603
-1.21558395
-1.19735019
-1.16088268
-1.10010348
-1.01805156
-0.91776589
-0.79924645
-0.66553221
-0.51966214
-0.36467519
-0.20361031
-0.03950648
0.12763632
0.29174015
0.44976606
0.59867510
0.73846725
0.86306461
0.96942820
1.06059700
1.13049308
1.17911644
1.20342811
1.20646707
1.18823332
1.14568788
1.08490868
0.99981780
0.89649317
0.77797373
0.64425950
0.49838942
0.34340247
0.18233759
0.01519480
-0.14890903
-0.30997391
-0.46799982
-0.61386990
-0.75062309
-0.87218149
-0.97854508
-1.06363596
-1.13049308
-1.17607748
-1.20038915
-1.20038915
-1.17911644
-1.13353204
-1.06971388
-0.98158404
-0.87825941
-0.75670101
-0.62298678
-0.47711670
-0.32212975
-0.15802591
0.00607792
0.17018175
0.33124663
0.48623358
0.62906470
0.76277893
0.88433733
0.98462300
1.06971388
1.13353204
1.17607748
1.19431123
1.19431123
1.16696060
1.12137620
1.05451908
0.96638924
0.86002565
0.73846725
0.60171406
0.45280502
0.29781807
0.13675319
-0.02735064
-0.18841551
-0.34948039
-0.50142838
-0.64425950
-0.77797373
-0.89345421
-0.99373988
-1.07275284
-1.13353204
-1.17303852
-1.19127228
-1.18519436
-1.15784372
-1.10922036
-1.03628532
-0.94815548
-0.83875293
-0.71719453
-0.58044134
-0.43153230
-0.27654535
-0.11548048
0.04862336
0.20968823
0.36771415
0.51966214
0.65945430
0.78709061
0.90257109
0.99981780
1.07579180
1.13353204
1.16999956
1.18519436
1.17607748
1.14568788
1.09402556
1.02109052
0.92992172
0.82051917
0.69592181
0.55916862
0.41025958
0.25527263
0.09420776
-0.06989608
-0.22792199
-0.38594791
-0.53485694
-0.67464909
-0.79924645
-0.91168797
-1.00589572
-1.07883076
-1.13353204
-1.16696060
-1.17911644
-1.16696060
-1.13657100
-1.08186972
-1.00589572
-0.91168797
-0.80228541
-0.67464909
-0.53789590
-0.38898687
-0.23399991
-0.07293504
0.08812984
0.24919471
0.40418166
0.55005174
0.68680493
0.81140229
0.92080485
1.01197364
1.08186972
1.13353204
1.16392164
1.17303852
1.15784372
1.12441516
1.06667492
0.99070092
0.89345421
0.78101269
0.65337638
0.51662318
0.36771415
0.20968823
0.05166232
-0.10940256
-0.26742847
-0.42241542
-0.56524654
-0.70199973
-0.82355813
-0.92688277
-1.01805156
-1.08490868
-1.13353204
-1.16088268
-1.16696060
-1.14872684
-1.11225932
-1.05148012
-0.97246716
-0.87522045
-0.76277893
-0.63514262
-0.49535046
-0.34340247
-0.18841551
-0.03038960
0.13067528
0.28566223
0.43761022
0.58044134
0.71415557
0.83267501
0.93599964
1.02109052
1.08794764
1.13353204
1.15784372
1.16088268
1.13960996
1.10010348
1.03932428
0.95727236
0.85698669
0.74150621
0.61386990
0.47407774
0.32212975
0.16714279
0.00911688
-0.14890903
-0.30693495
-0.45584398
-0.59563614
-0.72631141
-0.84179189
-0.94207756
-1.02716844
-1.08794764
-1.13049308
-1.15176580
-1.15176580
-1.13049308
-1.08794764
-1.02412948
-0.93903860
-0.83875293
-0.72327245
-0.59259718
-0.45280502
-0.30085703
-0.14587007
0.01215584
0.17018175
0.32516871
0.47103878
0.61083094
0.73846725
0.85394773
0.95119444
1.03020740
1.09098660
1.13049308
1.14872684
1.14568788
1.12137620
1.07579180
1.00893468
0.92384381
0.82051917
0.70199973
0.57132446
0.43153230
0.27958431
0.12459736
-0.03342856
-0.18841551
-0.34036351
-0.48927254
-0.62602574
-0.75062309
-0.86306461
-0.95727236
-1.03324636
-1.09098660
-1.12745412
-1.14264892
-1.13657100
-1.10922036
-1.06059700
-0.99373988
-0.90561005
-0.80228541
-0.68376597
-0.55005174
-0.41025958
-0.25831159
-0.10332464
0.05166232
0.20664927
0.35859727
0.50446734
0.63818158
0.76277893
0.87218149
0.96335028
1.03628532
1.09098660
1.12441516
1.13960996
1.13049308
1.10010348
1.04844116
0.97854508
0.89041525
0.78405165
0.66249326
0.53181798
0.38898687
0.23703887
0.08205192
-0.07293504
-0.22792199
-0.37683103
-0.51966214
-0.65337638
-0.77493477
-0.87825941
-0.96942820
-1.03932428
-1.09098660
-1.12441516
-1.13353204
-1.12137620
-1.08794764
-1.03628532
-0.96335028
-0.87218149
-0.76581789
-0.64425950
-0.51054526
-0.36771415
-0.21576615
-0.06381816
0.09116880
0.24615575
0.39506479
0.53485694
0.66553221
0.78405165
0.88737629
0.97550612
1.04236324
1.09098660
1.11833724
1.12745412
1.11225932
1.07883076
1.02109052
0.94815548
0.85394773
0.74758413
0.62298678
0.48927254
0.34644143
0.19449343
0.04254544
-0.11244152
-0.26438951
-0.41025958
-0.55005174
-0.67768805
-0.79620749
-0.89649317
-0.97854508
-1.04540220
-1.09098660
-1.11529828
-1.12137620
-1.10314244
-1.06667492
-1.00893468
-0.92992172
-0.83571397
-0.72631141
-0.60475302
-0.46799982
-0.32516871
-0.17625967
-0.02127272
0.13067528
0.28262327
0.42849334
0.56524654
0.68984389
0.80532437
0.90257109
0.98462300
1.04844116
1.09098660
1.11225932
1.11529828
1.09402556
1.05451908
0.99373988
0.91472693
0.82051917
0.70807765
0.58348030
0.44672710
0.30389599
0.15498695
0.00303896
-0.14890903
-0.30085703
-0.44368814
-0.57740238
-0.70199973
-0.81444125
-0.90864901
-0.98766196
-1.04844116
-1.08794764
-1.10922036
-1.10618140
-1.08490868
-1.04236324
-0.97854508
-0.89953213
-0.80228541
-0.68984389
-0.56220758
-0.42849334
-0.28262327
-0.13371423
0.01823376
0.17018175
0.31605183
0.45888294
0.59259718
0.71415557
0.82355813
0.91776589
0.99373988
1.04844116
1.08794764
1.10314244
1.10010348
1.07579180
1.03020740
0.96638924
0.88433733
0.78405165
0.67161013
0.54397382
0.40722062
0.26438951
0.11244152
-0.03646752
-0.18841551
-0.33428559
-0.47407774
-0.60779198
-0.72631141
-0.83267501
-0.92384381
-0.99677884
-1.05148012
-1.08490868
-1.10010348
-1.09098660
-1.06363596
-1.01805156
-0.95119444
-0.86610357
-0.76581789
-0.65033742
-0.52270110
-0.38594791
-0.24311679
-0.09420776
0.05774024
0.20664927
0.35251935
0.48927254
0.61994782
0.73846725
0.84179189
0.92992172
0.99981780
1.05148012
1.08186972
1.09402556
1.08490868
1.05451908
1.00589572
0.93599964
0.85090877
0.74758413
0.63210366
0.50446734
0.36771415
0.22184407
0.07293504
-0.07597400
-0.22488303
-0.36771415
-0.50446734
-0.63210366
-0.74758413
-0.84786981
-0.93296068
-1.00285676
-1.05148012
-1.07883076
-1.08794764
-1.07579180
-1.04236324
-0.99070092
-0.92080485
-0.83267501
-0.72935037
-0.61386990
-0.48319462
-0.34644143
-0.20057135
-0.05470128
0.09420776
0.24311679
0.38594791
0.51966214
0.64425950
0.75670101
0.85698669
0.93903860
1.00285676
1.05148012
1.07579180
1.08186972
1.06667492
1.03324636
0.97854508
0.90561005
0.81748021
0.71111661
0.59259718
0.46496086
0.32516871
0.18233759
0.03342856
-0.11244152
-0.25831159
-0.40114270
-0.53485694
-0.65641534
-0.76885685
-0.86306461
-0.94511652
-1.00589572
-1.04844116
-1.07275284
-1.07579180
-1.05755804
-1.02109052
-0.96638924
-0.89041525
-0.79924645
-0.69288285
-0.57436342
-0.44368814
-0.30693495
-0.16106487
-0.01519480
0.13067528
0.27654535
0.41633750
0.54701278
0.66857117
0.77797373
0.87218149
0.94815548
1.00893468
1.04844116
1.06971388
1.06971388
1.04844116
1.01197364
0.95119444
0.87522045
0.78405165
0.67464909
0.55612966
0.42545438
0.28566223
0.14283111
-0.00303896
-0.15194799
-0.29477911
-0.43153230
-0.56220758
-0.68072701
-0.78709061
-0.87825941
-0.95119444
-1.00893468
-1.04844116
-1.06363596
-1.06363596
-1.03932428
-0.99981780
-0.93903860
-0.86002565
-0.76581789
-0.65641534
-0.53485694
-0.40418166
-0.26742847
-0.12155840
0.02431168
0.16714279
0.30997391
0.44672710
0.57436342
0.69288285
0.79620749
0.88433733
0.95727236
1.00893468
1.04540220
1.06059700
1.05451908
1.03020740
0.98766196
0.92384381
0.84483085
0.74758413
0.63818158
0.51662318
0.38594791
0.24615575
0.10332464
-0.04254544
-0.18537655
-0.32820767
-0.46192190
-0.58651926
-0.70199973
-0.80228541
-0.89041525
-0.96031132
-1.01197364
-1.04236324
-1.05451908
-1.04844116
-1.02109052
-0.97550612
-0.91168797
-0.82963605
-0.73238933
-0.61994782
-0.49838942
-0.36467519
-0.22792199
-0.08509088
0.06077920
0.20361031
0.34340247
0.47711670
0.59867510
0.71415557
0.81140229
0.89649317
0.96335028
1.01197364
1.03932428
1.05148012
1.03932428
1.01197364
0.96335028
0.89649317
0.81140229
0.71415557
0.60171406
0.47711670
0.34644143
0.20664927
0.06381816
-0.07901296
-0.22184407
-0.35859727
-0.48927254
-0.61386990
-0.72327245
-0.82051917
-0.89953213
-0.96335028
-1.01197364
-1.03628532
-1.04540220
-1.03324636
-0.99981780
-0.95119444
-0.88129837
-0.79620749
-0.69592181
-0.58348030
-0.45888294
-0.32820767
-0.18841551
-0.04558440
0.09724672
0.23703887
0.37379207
0.50446734
0.62298678
0.73238933
0.82659709
0.90561005
0.96638924
1.00893468
1.03324636
1.03932428
1.02412948
0.99070092
0.93903860
0.86610357
0.78101269
0.68072701
0.56524654
0.44064918
0.30693495
0.17018175
0.02735064
-0.11548048
-0.25527263
-0.38898687
-0.51662318
-0.63514262
-0.74150621
-0.83267501
-0.90864901
-0.96942820
-1.00893468
-1.03020740
-1.03324636
-1.01501260
-0.97854508
-0.92384381
-0.85394773
-0.76581789
-0.66249326
-0.54701278
-0.42241542
-0.28870119
-0.14890903
-0.00911688
0.13371423
0.27046743
0.40418166
0.53181798
0.64729846
0.75062309
0.84179189
0.91472693
0.96942820
1.00893468
1.02716844
1.02716844
1.00589572
0.96942820
0.91168797
0.83875293
0.74758413
0.64425950
0.52877902
0.40114270
0.27046743
0.13067528
-0.00911688
-0.15194799
-0.28870119
-0.41937646
-0.54397382
-0.65945430
-0.75973997
-0.84786981
-0.91776589
-0.97246716
-1.00589572
-1.02412948
-1.02109052
-0.99677884
-0.95727236
-0.89953213
-0.82355813
-0.73238933
-0.62602574
-0.51054526
-0.38290895
-0.24919471
-0.11244152
0.02735064
0.16714279
0.30389599
0.43457126
0.55612966
0.66857117
0.76885685
0.85394773
0.92080485
0.97246716
1.00589572
1.01805156
1.01197364
0.98766196
0.94511652
0.88433733
0.80836333
0.71415557
0.60779198
0.49231150
0.36467519
0.23096095
0.09420776
-0.04558440
-0.18537655
